-0.3 -0.1 -0.1
-0.3 -0.1 -0.05
-0.3 -0.1 0
-0.3 -0.1 0.05
-0.3 -0.1 0.1
-0.3 -0.05 -0.1
-0.3 -0.05 -0.05
-0.3 -0.05 0
-0.3 -0.05 0.05
-0.3 -0.05 0.1
-0.3 0 -0.1
-0.3 0 -0.05
-0.3 0 0
-0.3 0 0.05
-0.3 0 0.1
-0.3 0.05 -0.1
-0.3 0.05 -0.05
-0.3 0.05 0
-0.3 0.05 0.05
-0.3 0.05 0.1
-0.3 0.1 -0.1
-0.3 0.1 -0.05
-0.3 0.1 0
-0.3 0.1 0.05
-0.3 0.1 0.1
-0.257143 -0.1 -0.1
-0.257143 -0.1 -0.05
-0.257143 -0.1 0
-0.257143 -0.1 0.05
-0.257143 -0.1 0.1
-0.257143 -0.05 -0.1
-0.257143 -0.05 -0.05
-0.257143 -0.05 0
-0.257143 -0.05 0.05
-0.257143 -0.05 0.1
-0.257143 0 -0.1
-0.257143 0 -0.05
-0.257143 0 0
-0.257143 0 0.05
-0.257143 0 0.1
-0.257143 0.05 -0.1
-0.257143 0.05 -0.05
-0.257143 0.05 0
-0.257143 0.05 0.05
-0.257143 0.05 0.1
-0.257143 0.1 -0.1
-0.257143 0.1 -0.05
-0.257143 0.1 0
-0.257143 0.1 0.05
-0.257143 0.1 0.1
-0.214286 -0.1 -0.1
-0.214286 -0.1 -0.05
-0.214286 -0.1 0
-0.214286 -0.1 0.05
-0.214286 -0.1 0.1
-0.214286 -0.05 -0.1
-0.214286 -0.05 -0.05
-0.214286 -0.05 0
-0.214286 -0.05 0.05
-0.214286 -0.05 0.1
-0.214286 0 -0.1
-0.214286 0 -0.05
-0.214286 0 0
-0.214286 0 0.05
-0.214286 0 0.1
-0.214286 0.05 -0.1
-0.214286 0.05 -0.05
-0.214286 0.05 0
-0.214286 0.05 0.05
-0.214286 0.05 0.1
-0.214286 0.1 -0.1
-0.214286 0.1 -0.05
-0.214286 0.1 0
-0.214286 0.1 0.05
-0.214286 0.1 0.1
-0.171429 -0.1 -0.1
-0.171429 -0.1 -0.05
-0.171429 -0.1 0
-0.171429 -0.1 0.05
-0.171429 -0.1 0.1
-0.171429 -0.05 -0.1
-0.171429 -0.05 -0.05
-0.171429 -0.05 0
-0.171429 -0.05 0.05
-0.171429 -0.05 0.1
-0.171429 0 -0.1
-0.171429 0 -0.05
-0.171429 0 0
-0.171429 0 0.05
-0.171429 0 0.1
-0.171429 0.05 -0.1
-0.171429 0.05 -0.05
-0.171429 0.05 0
-0.171429 0.05 0.05
-0.171429 0.05 0.1
-0.171429 0.1 -0.1
-0.171429 0.1 -0.05
-0.171429 0.1 0
-0.171429 0.1 0.05
-0.171429 0.1 0.1
-0.128571 -0.1 -0.1
-0.128571 -0.1 -0.05
-0.128571 -0.1 0
-0.128571 -0.1 0.05
-0.128571 -0.1 0.1
-0.128571 -0.05 -0.1
-0.128571 -0.05 -0.05
-0.128571 -0.05 0
-0.128571 -0.05 0.05
-0.128571 -0.05 0.1
-0.128571 0 -0.1
-0.128571 0 -0.05
-0.128571 0 0
-0.128571 0 0.05
-0.128571 0 0.1
-0.128571 0.05 -0.1
-0.128571 0.05 -0.05
-0.128571 0.05 0
-0.128571 0.05 0.05
-0.128571 0.05 0.1
-0.128571 0.1 -0.1
-0.128571 0.1 -0.05
-0.128571 0.1 0
-0.128571 0.1 0.05
-0.128571 0.1 0.1
-0.0857143 -0.1 -0.1
-0.0857143 -0.1 -0.05
-0.0857143 -0.1 0
-0.0857143 -0.1 0.05
-0.0857143 -0.1 0.1
-0.0857143 -0.05 -0.1
-0.0857143 -0.05 -0.05
-0.0857143 -0.05 0
-0.0857143 -0.05 0.05
-0.0857143 -0.05 0.1
-0.0857143 0 -0.1
-0.0857143 0 -0.05
-0.0857143 0 0
-0.0857143 0 0.05
-0.0857143 0 0.1
-0.0857143 0.05 -0.1
-0.0857143 0.05 -0.05
-0.0857143 0.05 0
-0.0857143 0.05 0.05
-0.0857143 0.05 0.1
-0.0857143 0.1 -0.1
-0.0857143 0.1 -0.05
-0.0857143 0.1 0
-0.0857143 0.1 0.05
-0.0857143 0.1 0.1
-0.0428571 -0.1 -0.1
-0.0428571 -0.1 -0.05
-0.0428571 -0.1 0
-0.0428571 -0.1 0.05
-0.0428571 -0.1 0.1
-0.0428571 -0.05 -0.1
-0.0428571 -0.05 -0.05
-0.0428571 -0.05 0
-0.0428571 -0.05 0.05
-0.0428571 -0.05 0.1
-0.0428571 0 -0.1
-0.0428571 0 -0.05
-0.0428571 0 0
-0.0428571 0 0.05
-0.0428571 0 0.1
-0.0428571 0.05 -0.1
-0.0428571 0.05 -0.05
-0.0428571 0.05 0
-0.0428571 0.05 0.05
-0.0428571 0.05 0.1
-0.0428571 0.1 -0.1
-0.0428571 0.1 -0.05
-0.0428571 0.1 0
-0.0428571 0.1 0.05
-0.0428571 0.1 0.1
0 -0.1 -0.1
0 -0.1 -0.05
0 -0.1 0
0 -0.1 0.05
0 -0.1 0.1
0 -0.05 -0.1
0 -0.05 -0.05
0 -0.05 0
0 -0.05 0.05
0 -0.05 0.1
0 0 -0.1
0 0 -0.05
0 0 0
0 0 0.05
0 0 0.1
0 0.05 -0.1
0 0.05 -0.05
0 0.05 0
0 0.05 0.05
0 0.05 0.1
0 0.1 -0.1
0 0.1 -0.05
0 0.1 0
0 0.1 0.05
0 0.1 0.1
0.0428571 -0.1 -0.1
0.0428571 -0.1 -0.05
0.0428571 -0.1 0
0.0428571 -0.1 0.05
0.0428571 -0.1 0.1
0.0428571 -0.05 -0.1
0.0428571 -0.05 -0.05
0.0428571 -0.05 0
0.0428571 -0.05 0.05
0.0428571 -0.05 0.1
0.0428571 0 -0.1
0.0428571 0 -0.05
0.0428571 0 0
0.0428571 0 0.05
0.0428571 0 0.1
0.0428571 0.05 -0.1
0.0428571 0.05 -0.05
0.0428571 0.05 0
0.0428571 0.05 0.05
0.0428571 0.05 0.1
0.0428571 0.1 -0.1
0.0428571 0.1 -0.05
0.0428571 0.1 0
0.0428571 0.1 0.05
0.0428571 0.1 0.1
0.0857143 -0.1 -0.1
0.0857143 -0.1 -0.05
0.0857143 -0.1 0
0.0857143 -0.1 0.05
0.0857143 -0.1 0.1
0.0857143 -0.05 -0.1
0.0857143 -0.05 -0.05
0.0857143 -0.05 0
0.0857143 -0.05 0.05
0.0857143 -0.05 0.1
0.0857143 0 -0.1
0.0857143 0 -0.05
0.0857143 0 0
0.0857143 0 0.05
0.0857143 0 0.1
0.0857143 0.05 -0.1
0.0857143 0.05 -0.05
0.0857143 0.05 0
0.0857143 0.05 0.05
0.0857143 0.05 0.1
0.0857143 0.1 -0.1
0.0857143 0.1 -0.05
0.0857143 0.1 0
0.0857143 0.1 0.05
0.0857143 0.1 0.1
0.128571 -0.1 -0.1
0.128571 -0.1 -0.05
0.128571 -0.1 0
0.128571 -0.1 0.05
0.128571 -0.1 0.1
0.128571 -0.05 -0.1
0.128571 -0.05 -0.05
0.128571 -0.05 0
0.128571 -0.05 0.05
0.128571 -0.05 0.1
0.128571 0 -0.1
0.128571 0 -0.05
0.128571 0 0
0.128571 0 0.05
0.128571 0 0.1
0.128571 0.05 -0.1
0.128571 0.05 -0.05
0.128571 0.05 0
0.128571 0.05 0.05
0.128571 0.05 0.1
0.128571 0.1 -0.1
0.128571 0.1 -0.05
0.128571 0.1 0
0.128571 0.1 0.05
0.128571 0.1 0.1
0.171429 -0.1 -0.1
0.171429 -0.1 -0.05
0.171429 -0.1 0
0.171429 -0.1 0.05
0.171429 -0.1 0.1
0.171429 -0.05 -0.1
0.171429 -0.05 -0.05
0.171429 -0.05 0
0.171429 -0.05 0.05
0.171429 -0.05 0.1
0.171429 0 -0.1
0.171429 0 -0.05
0.171429 0 0
0.171429 0 0.05
0.171429 0 0.1
0.171429 0.05 -0.1
0.171429 0.05 -0.05
0.171429 0.05 0
0.171429 0.05 0.05
0.171429 0.05 0.1
0.171429 0.1 -0.1
0.171429 0.1 -0.05
0.171429 0.1 0
0.171429 0.1 0.05
0.171429 0.1 0.1
0.214286 -0.1 -0.1
0.214286 -0.1 -0.05
0.214286 -0.1 0
0.214286 -0.1 0.05
0.214286 -0.1 0.1
0.214286 -0.05 -0.1
0.214286 -0.05 -0.05
0.214286 -0.05 0
0.214286 -0.05 0.05
0.214286 -0.05 0.1
0.214286 0 -0.1
0.214286 0 -0.05
0.214286 0 0
0.214286 0 0.05
0.214286 0 0.1
0.214286 0.05 -0.1
0.214286 0.05 -0.05
0.214286 0.05 0
0.214286 0.05 0.05
0.214286 0.05 0.1
0.214286 0.1 -0.1
0.214286 0.1 -0.05
0.214286 0.1 0
0.214286 0.1 0.05
0.214286 0.1 0.1
0.257143 -0.1 -0.1
0.257143 -0.1 -0.05
0.257143 -0.1 0
0.257143 -0.1 0.05
0.257143 -0.1 0.1
0.257143 -0.05 -0.1
0.257143 -0.05 -0.05
0.257143 -0.05 0
0.257143 -0.05 0.05
0.257143 -0.05 0.1
0.257143 0 -0.1
0.257143 0 -0.05
0.257143 0 0
0.257143 0 0.05
0.257143 0 0.1
0.257143 0.05 -0.1
0.257143 0.05 -0.05
0.257143 0.05 0
0.257143 0.05 0.05
0.257143 0.05 0.1
0.257143 0.1 -0.1
0.257143 0.1 -0.05
0.257143 0.1 0
0.257143 0.1 0.05
0.257143 0.1 0.1
0.3 -0.1 -0.1
0.3 -0.1 -0.05
0.3 -0.1 0
0.3 -0.1 0.05
0.3 -0.1 0.1
0.3 -0.05 -0.1
0.3 -0.05 -0.05
0.3 -0.05 0
0.3 -0.05 0.05
0.3 -0.05 0.1
0.3 0 -0.1
0.3 0 -0.05
0.3 0 0
0.3 0 0.05
0.3 0 0.1
0.3 0.05 -0.1
0.3 0.05 -0.05
0.3 0.05 0
0.3 0.05 0.05
0.3 0.05 0.1
0.3 0.1 -0.1
0.3 0.1 -0.05
0.3 0.1 0
0.3 0.1 0.05
0.3 0.1 0.1
