-0.9 -3.50427 0.0775047
-0.9 -3.50427 0.155009
-0.9 -3.50427 0.232514
-0.9 -3.50427 0.310019
-0.9 -3.40515 0.0775047
-0.9 -3.40515 0.155009
-0.9 -3.40515 0.232514
-0.9 -3.40515 0.310019
-0.9 -3.30602 0.155009
-0.9 -3.30602 0.232514
-0.9 -3.30602 0.310019
-0.9 -3.2069 0.155009
-0.9 -3.2069 0.232514
-0.9 -3.10778 0.0775047
-0.9 -3.10778 0.155009
-0.9 -3.10778 0.232514
-0.9 -3.10778 0.310019
-0.9 -3.10778 0.387524
-0.9 -3.10778 0.465028
-0.9 -3.10778 0.542533
-0.9 -3.10778 0.620038
-0.9 -3.00865 0.0775047
-0.9 -3.00865 0.155009
-0.9 -3.00865 0.232514
-0.9 -3.00865 0.310019
-0.9 -3.00865 0.387524
-0.9 -3.00865 0.465028
-0.9 -3.00865 0.542533
-0.9 -3.00865 0.620038
-0.9 -2.90953 0.0775047
-0.9 -2.90953 0.155009
-0.9 -2.90953 0.232514
-0.9 -2.90953 0.310019
-0.9 -2.90953 0.387524
-0.9 -2.90953 0.465028
-0.9 -2.90953 0.542533
-0.9 -2.81041 0.155009
-0.9 -2.81041 0.232514
-0.9 -2.81041 0.310019
-0.9 -2.81041 0.387524
-0.9 -2.81041 0.465028
-0.9 -2.71128 0.155009
-0.9 -2.71128 0.232514
-0.9 -2.71128 0.310019
-0.9 -2.71128 0.387524
-0.8 -3.70252 0.0775047
-0.8 -3.70252 0.155009
-0.8 -3.70252 0.232514
-0.8 -3.60339 0
-0.8 -3.60339 0.0775047
-0.8 -3.60339 0.155009
-0.8 -3.60339 0.232514
-0.8 -3.60339 0.310019
-0.8 -3.60339 0.387524
-0.8 -3.50427 -0.0775047
-0.8 -3.50427 0
-0.8 -3.50427 0.0775047
-0.8 -3.50427 0.155009
-0.8 -3.50427 0.232514
-0.8 -3.50427 0.310019
-0.8 -3.50427 0.387524
-0.8 -3.50427 0.465028
-0.8 -3.40515 -0.0775047
-0.8 -3.40515 0
-0.8 -3.40515 0.0775047
-0.8 -3.40515 0.155009
-0.8 -3.40515 0.232514
-0.8 -3.40515 0.310019
-0.8 -3.40515 0.387524
-0.8 -3.40515 0.465028
-0.8 -3.30602 -0.0775047
-0.8 -3.30602 0
-0.8 -3.30602 0.0775047
-0.8 -3.30602 0.155009
-0.8 -3.30602 0.232514
-0.8 -3.30602 0.310019
-0.8 -3.30602 0.387524
-0.8 -3.2069 0
-0.8 -3.2069 0.0775047
-0.8 -3.2069 0.155009
-0.8 -3.2069 0.232514
-0.8 -3.2069 0.310019
-0.8 -3.2069 0.387524
-0.8 -3.2069 0.465028
-0.8 -3.2069 0.542533
-0.8 -3.10778 0
-0.8 -3.10778 0.0775047
-0.8 -3.10778 0.155009
-0.8 -3.10778 0.232514
-0.8 -3.10778 0.310019
-0.8 -3.10778 0.387524
-0.8 -3.10778 0.465028
-0.8 -3.10778 0.542533
-0.8 -3.10778 0.620038
-0.8 -3.00865 0
-0.8 -3.00865 0.0775047
-0.8 -3.00865 0.155009
-0.8 -3.00865 0.232514
-0.8 -3.00865 0.310019
-0.8 -3.00865 0.387524
-0.8 -3.00865 0.465028
-0.8 -3.00865 0.542533
-0.8 -3.00865 0.620038
-0.8 -2.90953 0
-0.8 -2.90953 0.0775047
-0.8 -2.90953 0.155009
-0.8 -2.90953 0.232514
-0.8 -2.90953 0.310019
-0.8 -2.90953 0.387524
-0.8 -2.90953 0.465028
-0.8 -2.90953 0.542533
-0.8 -2.90953 0.620038
-0.8 -2.81041 0
-0.8 -2.81041 0.0775047
-0.8 -2.81041 0.155009
-0.8 -2.81041 0.232514
-0.8 -2.81041 0.310019
-0.8 -2.81041 0.387524
-0.8 -2.81041 0.465028
-0.8 -2.81041 0.542533
-0.8 -2.81041 0.620038
-0.8 -2.71128 0.0775047
-0.8 -2.71128 0.155009
-0.8 -2.71128 0.232514
-0.8 -2.71128 0.310019
-0.8 -2.71128 0.387524
-0.8 -2.71128 0.465028
-0.7 -3.80164 0.155009
-0.7 -3.80164 0.232514
-0.7 -3.70252 -0.0775047
-0.7 -3.70252 0
-0.7 -3.70252 0.0775047
-0.7 -3.70252 0.155009
-0.7 -3.70252 0.232514
-0.7 -3.70252 0.310019
-0.7 -3.70252 0.387524
-0.7 -3.60339 -0.155009
-0.7 -3.60339 -0.0775047
-0.7 -3.60339 0
-0.7 -3.60339 0.0775047
-0.7 -3.60339 0.155009
-0.7 -3.60339 0.232514
-0.7 -3.60339 0.310019
-0.7 -3.60339 0.387524
-0.7 -3.60339 0.465028
-0.7 -3.50427 -0.155009
-0.7 -3.50427 -0.0775047
-0.7 -3.50427 0
-0.7 -3.50427 0.0775047
-0.7 -3.50427 0.155009
-0.7 -3.50427 0.232514
-0.7 -3.50427 0.310019
-0.7 -3.50427 0.387524
-0.7 -3.50427 0.465028
-0.7 -3.50427 0.542533
-0.7 -3.40515 -0.155009
-0.7 -3.40515 -0.0775047
-0.7 -3.40515 0
-0.7 -3.40515 0.0775047
-0.7 -3.40515 0.155009
-0.7 -3.40515 0.232514
-0.7 -3.40515 0.310019
-0.7 -3.40515 0.387524
-0.7 -3.40515 0.465028
-0.7 -3.40515 0.542533
-0.7 -3.30602 -0.0775047
-0.7 -3.30602 0
-0.7 -3.30602 0.0775047
-0.7 -3.30602 0.155009
-0.7 -3.30602 0.232514
-0.7 -3.30602 0.310019
-0.7 -3.30602 0.387524
-0.7 -3.30602 0.465028
-0.7 -3.2069 -0.0775047
-0.7 -3.2069 0
-0.7 -3.2069 0.0775047
-0.7 -3.2069 0.155009
-0.7 -3.2069 0.232514
-0.7 -3.2069 0.310019
-0.7 -3.2069 0.387524
-0.7 -3.2069 0.465028
-0.7 -3.2069 0.542533
-0.7 -3.10778 -0.0775047
-0.7 -3.10778 0
-0.7 -3.10778 0.0775047
-0.7 -3.10778 0.155009
-0.7 -3.10778 0.232514
-0.7 -3.10778 0.310019
-0.7 -3.10778 0.387524
-0.7 -3.10778 0.465028
-0.7 -3.10778 0.542533
-0.7 -3.10778 0.620038
-0.7 -3.00865 -0.0775047
-0.7 -3.00865 0
-0.7 -3.00865 0.0775047
-0.7 -3.00865 0.155009
-0.7 -3.00865 0.232514
-0.7 -3.00865 0.310019
-0.7 -3.00865 0.387524
-0.7 -3.00865 0.465028
-0.7 -3.00865 0.542533
-0.7 -3.00865 0.620038
-0.7 -2.90953 -0.0775047
-0.7 -2.90953 0
-0.7 -2.90953 0.0775047
-0.7 -2.90953 0.155009
-0.7 -2.90953 0.232514
-0.7 -2.90953 0.310019
-0.7 -2.90953 0.387524
-0.7 -2.90953 0.465028
-0.7 -2.90953 0.542533
-0.7 -2.90953 0.620038
-0.7 -2.81041 -0.0775047
-0.7 -2.81041 0
-0.7 -2.81041 0.0775047
-0.7 -2.81041 0.155009
-0.7 -2.81041 0.232514
-0.7 -2.81041 0.310019
-0.7 -2.81041 0.387524
-0.7 -2.81041 0.465028
-0.7 -2.81041 0.542533
-0.7 -2.71128 -0.387524
-0.7 -2.71128 -0.310019
-0.7 -2.71128 -0.232514
-0.7 -2.71128 -0.155009
-0.7 -2.71128 -0.0775047
-0.7 -2.71128 0
-0.7 -2.71128 0.0775047
-0.7 -2.71128 0.155009
-0.7 -2.71128 0.232514
-0.7 -2.71128 0.310019
-0.7 -2.71128 0.387524
-0.7 -2.71128 0.465028
-0.7 -2.61216 -0.465028
-0.7 -2.61216 -0.387524
-0.7 -2.61216 -0.310019
-0.7 -2.61216 -0.232514
-0.7 -2.61216 -0.155009
-0.7 -2.61216 -0.0775047
-0.7 -2.61216 0
-0.7 -2.51304 -0.542533
-0.7 -2.51304 -0.465028
-0.7 -2.51304 -0.387524
-0.7 -2.51304 -0.310019
-0.7 -2.51304 -0.232514
-0.7 -2.41391 -0.620038
-0.7 -2.41391 -0.542533
-0.7 -2.41391 -0.465028
-0.6 -4.09901 0
-0.6 -4.09901 0.0775047
-0.6 -4.09901 0.155009
-0.6 -4.09901 0.387524
-0.6 -4.09901 0.465028
-0.6 -3.80164 0
-0.6 -3.80164 0.0775047
-0.6 -3.80164 0.155009
-0.6 -3.80164 0.232514
-0.6 -3.80164 0.310019
-0.6 -3.70252 -0.155009
-0.6 -3.70252 -0.0775047
-0.6 -3.70252 0
-0.6 -3.70252 0.0775047
-0.6 -3.70252 0.155009
-0.6 -3.70252 0.232514
-0.6 -3.70252 0.310019
-0.6 -3.70252 0.387524
-0.6 -3.70252 0.465028
-0.6 -3.60339 -0.155009
-0.6 -3.60339 -0.0775047
-0.6 -3.60339 0
-0.6 -3.60339 0.0775047
-0.6 -3.60339 0.155009
-0.6 -3.60339 0.232514
-0.6 -3.60339 0.310019
-0.6 -3.60339 0.387524
-0.6 -3.60339 0.465028
-0.6 -3.60339 0.542533
-0.6 -3.50427 -0.155009
-0.6 -3.50427 -0.0775047
-0.6 -3.50427 0
-0.6 -3.50427 0.0775047
-0.6 -3.50427 0.155009
-0.6 -3.50427 0.232514
-0.6 -3.50427 0.310019
-0.6 -3.50427 0.387524
-0.6 -3.50427 0.465028
-0.6 -3.50427 0.542533
-0.6 -3.40515 -0.155009
-0.6 -3.40515 -0.0775047
-0.6 -3.40515 0
-0.6 -3.40515 0.0775047
-0.6 -3.40515 0.155009
-0.6 -3.40515 0.232514
-0.6 -3.40515 0.310019
-0.6 -3.40515 0.387524
-0.6 -3.40515 0.465028
-0.6 -3.40515 0.542533
-0.6 -3.30602 -0.155009
-0.6 -3.30602 -0.0775047
-0.6 -3.30602 0
-0.6 -3.30602 0.0775047
-0.6 -3.30602 0.155009
-0.6 -3.30602 0.232514
-0.6 -3.30602 0.310019
-0.6 -3.30602 0.387524
-0.6 -3.30602 0.465028
-0.6 -3.30602 0.542533
-0.6 -3.2069 -0.155009
-0.6 -3.2069 -0.0775047
-0.6 -3.2069 0
-0.6 -3.2069 0.0775047
-0.6 -3.2069 0.155009
-0.6 -3.2069 0.232514
-0.6 -3.2069 0.310019
-0.6 -3.2069 0.387524
-0.6 -3.2069 0.465028
-0.6 -3.10778 -0.0775047
-0.6 -3.10778 0
-0.6 -3.10778 0.0775047
-0.6 -3.10778 0.155009
-0.6 -3.10778 0.232514
-0.6 -3.10778 0.310019
-0.6 -3.10778 0.387524
-0.6 -3.10778 0.465028
-0.6 -3.10778 0.542533
-0.6 -3.00865 -0.0775047
-0.6 -3.00865 0
-0.6 -3.00865 0.0775047
-0.6 -3.00865 0.155009
-0.6 -3.00865 0.232514
-0.6 -3.00865 0.310019
-0.6 -3.00865 0.387524
-0.6 -3.00865 0.465028
-0.6 -3.00865 0.542533
-0.6 -2.90953 -0.0775047
-0.6 -2.90953 0
-0.6 -2.90953 0.0775047
-0.6 -2.90953 0.155009
-0.6 -2.90953 0.232514
-0.6 -2.90953 0.310019
-0.6 -2.90953 0.387524
-0.6 -2.90953 0.465028
-0.6 -2.81041 0
-0.6 -2.81041 0.0775047
-0.6 -2.81041 0.155009
-0.6 -2.81041 0.232514
-0.6 -2.81041 0.310019
-0.6 -2.81041 0.387524
-0.6 -2.81041 0.465028
-0.6 -2.71128 -0.232514
-0.6 -2.71128 -0.155009
-0.6 -2.71128 -0.0775047
-0.6 -2.71128 0
-0.6 -2.71128 0.0775047
-0.6 -2.71128 0.155009
-0.6 -2.71128 0.232514
-0.6 -2.71128 0.310019
-0.6 -2.71128 0.387524
-0.6 -2.71128 0.465028
-0.6 -2.61216 -0.465028
-0.6 -2.61216 -0.387524
-0.6 -2.61216 -0.310019
-0.6 -2.61216 -0.232514
-0.6 -2.61216 -0.155009
-0.6 -2.51304 -0.697542
-0.6 -2.51304 -0.620038
-0.6 -2.51304 -0.542533
-0.6 -2.51304 -0.465028
-0.6 -2.51304 -0.387524
-0.6 -2.41391 -0.697542
-0.5 -4.09901 -0.0775047
-0.5 -4.09901 0
-0.5 -4.09901 0.0775047
-0.5 -4.09901 0.155009
-0.5 -4.09901 0.232514
-0.5 -4.09901 0.310019
-0.5 -4.09901 0.387524
-0.5 -4.09901 0.465028
-0.5 -4.09901 0.542533
-0.5 -3.99989 0
-0.5 -3.99989 0.0775047
-0.5 -3.99989 0.155009
-0.5 -3.99989 0.465028
-0.5 -3.90076 0
-0.5 -3.90076 0.0775047
-0.5 -3.80164 0
-0.5 -3.80164 0.0775047
-0.5 -3.80164 0.155009
-0.5 -3.80164 0.232514
-0.5 -3.80164 0.310019
-0.5 -3.80164 0.387524
-0.5 -3.70252 -0.155009
-0.5 -3.70252 -0.0775047
-0.5 -3.70252 0
-0.5 -3.70252 0.0775047
-0.5 -3.70252 0.155009
-0.5 -3.70252 0.232514
-0.5 -3.70252 0.310019
-0.5 -3.70252 0.387524
-0.5 -3.70252 0.465028
-0.5 -3.60339 -0.232514
-0.5 -3.60339 -0.155009
-0.5 -3.60339 -0.0775047
-0.5 -3.60339 0
-0.5 -3.60339 0.0775047
-0.5 -3.60339 0.155009
-0.5 -3.60339 0.232514
-0.5 -3.60339 0.310019
-0.5 -3.60339 0.387524
-0.5 -3.60339 0.465028
-0.5 -3.60339 0.542533
-0.5 -3.50427 -0.232514
-0.5 -3.50427 -0.155009
-0.5 -3.50427 -0.0775047
-0.5 -3.50427 0
-0.5 -3.50427 0.0775047
-0.5 -3.50427 0.155009
-0.5 -3.50427 0.232514
-0.5 -3.50427 0.310019
-0.5 -3.50427 0.387524
-0.5 -3.50427 0.465028
-0.5 -3.50427 0.542533
-0.5 -3.40515 -0.232514
-0.5 -3.40515 -0.155009
-0.5 -3.40515 -0.0775047
-0.5 -3.40515 0
-0.5 -3.40515 0.0775047
-0.5 -3.40515 0.155009
-0.5 -3.40515 0.232514
-0.5 -3.40515 0.310019
-0.5 -3.40515 0.387524
-0.5 -3.40515 0.465028
-0.5 -3.40515 0.542533
-0.5 -3.30602 -0.155009
-0.5 -3.30602 -0.0775047
-0.5 -3.30602 0
-0.5 -3.30602 0.0775047
-0.5 -3.30602 0.155009
-0.5 -3.30602 0.232514
-0.5 -3.30602 0.310019
-0.5 -3.30602 0.387524
-0.5 -3.30602 0.465028
-0.5 -3.30602 0.542533
-0.5 -3.2069 -0.155009
-0.5 -3.2069 -0.0775047
-0.5 -3.2069 0
-0.5 -3.2069 0.0775047
-0.5 -3.2069 0.155009
-0.5 -3.2069 0.232514
-0.5 -3.2069 0.310019
-0.5 -3.2069 0.387524
-0.5 -3.2069 0.465028
-0.5 -3.10778 -0.0775047
-0.5 -3.10778 0
-0.5 -3.10778 0.0775047
-0.5 -3.10778 0.155009
-0.5 -3.10778 0.232514
-0.5 -3.10778 0.310019
-0.5 -3.10778 0.387524
-0.5 -3.10778 0.465028
-0.5 -3.00865 0
-0.5 -3.00865 0.0775047
-0.5 -3.00865 0.155009
-0.5 -3.00865 0.232514
-0.5 -3.00865 0.310019
-0.5 -3.00865 0.387524
-0.5 -3.00865 0.465028
-0.5 -2.90953 0
-0.5 -2.90953 0.0775047
-0.5 -2.90953 0.155009
-0.5 -2.90953 0.232514
-0.5 -2.90953 0.310019
-0.5 -2.90953 0.387524
-0.5 -2.90953 0.465028
-0.5 -2.81041 0
-0.5 -2.81041 0.0775047
-0.5 -2.81041 0.155009
-0.5 -2.81041 0.232514
-0.5 -2.81041 0.310019
-0.5 -2.81041 0.387524
-0.5 -2.71128 0
-0.5 -2.71128 0.0775047
-0.5 -2.71128 0.155009
-0.5 -2.71128 0.232514
-0.5 -2.71128 0.310019
-0.5 -2.71128 0.387524
-0.5 -2.61216 0.0775047
-0.5 -2.61216 0.155009
-0.4 -4.09901 -0.0775047
-0.4 -4.09901 0
-0.4 -4.09901 0.0775047
-0.4 -4.09901 0.155009
-0.4 -4.09901 0.232514
-0.4 -4.09901 0.310019
-0.4 -4.09901 0.387524
-0.4 -4.09901 0.465028
-0.4 -4.09901 0.542533
-0.4 -3.99989 -0.0775047
-0.4 -3.99989 0
-0.4 -3.99989 0.0775047
-0.4 -3.99989 0.155009
-0.4 -3.99989 0.232514
-0.4 -3.99989 0.310019
-0.4 -3.99989 0.387524
-0.4 -3.99989 0.465028
-0.4 -3.90076 -0.0775047
-0.4 -3.90076 0
-0.4 -3.90076 0.0775047
-0.4 -3.90076 0.155009
-0.4 -3.90076 0.232514
-0.4 -3.90076 0.310019
-0.4 -3.90076 0.387524
-0.4 -3.90076 0.465028
-0.4 -3.80164 -0.0775047
-0.4 -3.80164 0
-0.4 -3.80164 0.0775047
-0.4 -3.80164 0.155009
-0.4 -3.80164 0.232514
-0.4 -3.80164 0.310019
-0.4 -3.80164 0.387524
-0.4 -3.80164 0.465028
-0.4 -3.70252 -0.155009
-0.4 -3.70252 -0.0775047
-0.4 -3.70252 0
-0.4 -3.70252 0.0775047
-0.4 -3.70252 0.155009
-0.4 -3.70252 0.232514
-0.4 -3.70252 0.310019
-0.4 -3.70252 0.387524
-0.4 -3.70252 0.465028
-0.4 -3.60339 -0.155009
-0.4 -3.60339 -0.0775047
-0.4 -3.60339 0
-0.4 -3.60339 0.0775047
-0.4 -3.60339 0.155009
-0.4 -3.60339 0.232514
-0.4 -3.60339 0.310019
-0.4 -3.60339 0.387524
-0.4 -3.60339 0.465028
-0.4 -3.60339 0.542533
-0.4 -3.50427 -0.232514
-0.4 -3.50427 -0.155009
-0.4 -3.50427 -0.0775047
-0.4 -3.50427 0
-0.4 -3.50427 0.0775047
-0.4 -3.50427 0.155009
-0.4 -3.50427 0.232514
-0.4 -3.50427 0.310019
-0.4 -3.50427 0.387524
-0.4 -3.50427 0.465028
-0.4 -3.50427 0.542533
-0.4 -3.40515 -0.232514
-0.4 -3.40515 -0.155009
-0.4 -3.40515 -0.0775047
-0.4 -3.40515 0
-0.4 -3.40515 0.0775047
-0.4 -3.40515 0.155009
-0.4 -3.40515 0.232514
-0.4 -3.40515 0.310019
-0.4 -3.40515 0.387524
-0.4 -3.40515 0.465028
-0.4 -3.40515 0.542533
-0.4 -3.30602 -0.232514
-0.4 -3.30602 -0.155009
-0.4 -3.30602 -0.0775047
-0.4 -3.30602 0
-0.4 -3.30602 0.0775047
-0.4 -3.30602 0.155009
-0.4 -3.30602 0.232514
-0.4 -3.30602 0.310019
-0.4 -3.30602 0.387524
-0.4 -3.30602 0.465028
-0.4 -3.30602 0.542533
-0.4 -3.2069 -0.155009
-0.4 -3.2069 -0.0775047
-0.4 -3.2069 0
-0.4 -3.2069 0.0775047
-0.4 -3.2069 0.155009
-0.4 -3.2069 0.232514
-0.4 -3.2069 0.310019
-0.4 -3.2069 0.387524
-0.4 -3.2069 0.465028
-0.4 -3.10778 -0.155009
-0.4 -3.10778 -0.0775047
-0.4 -3.10778 0
-0.4 -3.10778 0.0775047
-0.4 -3.10778 0.155009
-0.4 -3.10778 0.232514
-0.4 -3.10778 0.310019
-0.4 -3.10778 0.387524
-0.4 -3.00865 -0.0775047
-0.4 -3.00865 0
-0.4 -3.00865 0.0775047
-0.4 -3.00865 0.155009
-0.4 -3.00865 0.232514
-0.4 -3.00865 0.310019
-0.4 -3.00865 0.387524
-0.4 -2.90953 0.0775047
-0.4 -2.90953 0.155009
-0.4 -2.90953 0.232514
-0.4 -2.90953 0.310019
-0.4 -2.71128 0
-0.4 -2.71128 0.0775047
-0.4 -2.61216 0
-0.4 -2.61216 0.0775047
-0.4 -2.51304 0
-0.4 -2.51304 0.0775047
-0.3 -4.09901 -0.310019
-0.3 -4.09901 -0.232514
-0.3 -4.09901 -0.155009
-0.3 -4.09901 -0.0775047
-0.3 -4.09901 0
-0.3 -4.09901 0.0775047
-0.3 -4.09901 0.155009
-0.3 -4.09901 0.232514
-0.3 -4.09901 0.310019
-0.3 -4.09901 0.387524
-0.3 -4.09901 0.465028
-0.3 -4.09901 0.542533
-0.3 -3.99989 -0.0775047
-0.3 -3.99989 0
-0.3 -3.99989 0.0775047
-0.3 -3.99989 0.155009
-0.3 -3.99989 0.232514
-0.3 -3.99989 0.310019
-0.3 -3.99989 0.387524
-0.3 -3.99989 0.465028
-0.3 -3.90076 -0.0775047
-0.3 -3.90076 0
-0.3 -3.90076 0.0775047
-0.3 -3.90076 0.155009
-0.3 -3.90076 0.232514
-0.3 -3.90076 0.310019
-0.3 -3.90076 0.387524
-0.3 -3.90076 0.465028
-0.3 -3.80164 -0.155009
-0.3 -3.80164 -0.0775047
-0.3 -3.80164 0
-0.3 -3.80164 0.0775047
-0.3 -3.80164 0.155009
-0.3 -3.80164 0.232514
-0.3 -3.80164 0.310019
-0.3 -3.80164 0.387524
-0.3 -3.80164 0.465028
-0.3 -3.80164 0.542533
-0.3 -3.70252 -0.155009
-0.3 -3.70252 -0.0775047
-0.3 -3.70252 0
-0.3 -3.70252 0.0775047
-0.3 -3.70252 0.155009
-0.3 -3.70252 0.232514
-0.3 -3.70252 0.310019
-0.3 -3.70252 0.387524
-0.3 -3.70252 0.465028
-0.3 -3.70252 0.542533
-0.3 -3.60339 -0.155009
-0.3 -3.60339 -0.0775047
-0.3 -3.60339 0
-0.3 -3.60339 0.0775047
-0.3 -3.60339 0.155009
-0.3 -3.60339 0.232514
-0.3 -3.60339 0.310019
-0.3 -3.60339 0.387524
-0.3 -3.60339 0.465028
-0.3 -3.60339 0.542533
-0.3 -3.50427 -0.232514
-0.3 -3.50427 -0.155009
-0.3 -3.50427 -0.0775047
-0.3 -3.50427 0
-0.3 -3.50427 0.0775047
-0.3 -3.50427 0.155009
-0.3 -3.50427 0.232514
-0.3 -3.50427 0.310019
-0.3 -3.50427 0.387524
-0.3 -3.50427 0.465028
-0.3 -3.50427 0.542533
-0.3 -3.40515 -0.232514
-0.3 -3.40515 -0.155009
-0.3 -3.40515 -0.0775047
-0.3 -3.40515 0
-0.3 -3.40515 0.0775047
-0.3 -3.40515 0.155009
-0.3 -3.40515 0.232514
-0.3 -3.40515 0.310019
-0.3 -3.40515 0.387524
-0.3 -3.40515 0.465028
-0.3 -3.40515 0.542533
-0.3 -3.30602 -0.232514
-0.3 -3.30602 -0.155009
-0.3 -3.30602 -0.0775047
-0.3 -3.30602 0
-0.3 -3.30602 0.0775047
-0.3 -3.30602 0.155009
-0.3 -3.30602 0.232514
-0.3 -3.30602 0.310019
-0.3 -3.30602 0.387524
-0.3 -3.30602 0.465028
-0.3 -3.2069 -0.155009
-0.3 -3.2069 -0.0775047
-0.3 -3.2069 0
-0.3 -3.2069 0.0775047
-0.3 -3.2069 0.155009
-0.3 -3.2069 0.232514
-0.3 -3.2069 0.310019
-0.3 -3.2069 0.387524
-0.3 -3.2069 0.465028
-0.3 -3.10778 -0.155009
-0.3 -3.10778 -0.0775047
-0.3 -3.10778 0
-0.3 -3.10778 0.0775047
-0.3 -3.10778 0.155009
-0.3 -3.10778 0.232514
-0.3 -3.10778 0.310019
-0.3 -3.10778 0.387524
-0.3 -3.00865 0
-0.3 -3.00865 0.0775047
-0.3 -3.00865 0.155009
-0.3 -3.00865 0.232514
-0.3 -2.61216 -0.0775047
-0.3 -2.61216 0
-0.3 -2.61216 0.0775047
-0.3 -2.51304 -0.0775047
-0.3 -2.51304 0
-0.3 -2.41391 -0.0775047
-0.3 -2.41391 0
-0.2 -4.09901 -0.310019
-0.2 -4.09901 -0.232514
-0.2 -4.09901 -0.155009
-0.2 -4.09901 -0.0775047
-0.2 -4.09901 0
-0.2 -4.09901 0.0775047
-0.2 -4.09901 0.155009
-0.2 -4.09901 0.232514
-0.2 -4.09901 0.310019
-0.2 -4.09901 0.387524
-0.2 -4.09901 0.465028
-0.2 -4.09901 0.542533
-0.2 -4.09901 0.620038
-0.2 -3.99989 -0.232514
-0.2 -3.99989 -0.155009
-0.2 -3.99989 -0.0775047
-0.2 -3.99989 0
-0.2 -3.99989 0.0775047
-0.2 -3.99989 0.155009
-0.2 -3.99989 0.232514
-0.2 -3.99989 0.310019
-0.2 -3.99989 0.387524
-0.2 -3.99989 0.465028
-0.2 -3.99989 0.542533
-0.2 -3.90076 -0.0775047
-0.2 -3.90076 0
-0.2 -3.90076 0.0775047
-0.2 -3.90076 0.155009
-0.2 -3.90076 0.232514
-0.2 -3.90076 0.310019
-0.2 -3.90076 0.387524
-0.2 -3.90076 0.465028
-0.2 -3.80164 -0.155009
-0.2 -3.80164 -0.0775047
-0.2 -3.80164 0
-0.2 -3.80164 0.0775047
-0.2 -3.80164 0.155009
-0.2 -3.80164 0.232514
-0.2 -3.80164 0.310019
-0.2 -3.80164 0.387524
-0.2 -3.80164 0.465028
-0.2 -3.70252 -0.232514
-0.2 -3.70252 -0.155009
-0.2 -3.70252 -0.0775047
-0.2 -3.70252 0
-0.2 -3.70252 0.0775047
-0.2 -3.70252 0.155009
-0.2 -3.70252 0.232514
-0.2 -3.70252 0.310019
-0.2 -3.70252 0.387524
-0.2 -3.70252 0.465028
-0.2 -3.60339 -0.310019
-0.2 -3.60339 -0.232514
-0.2 -3.60339 -0.155009
-0.2 -3.60339 -0.0775047
-0.2 -3.60339 0
-0.2 -3.60339 0.0775047
-0.2 -3.60339 0.155009
-0.2 -3.60339 0.232514
-0.2 -3.60339 0.310019
-0.2 -3.60339 0.387524
-0.2 -3.60339 0.465028
-0.2 -3.60339 0.542533
-0.2 -3.50427 -0.310019
-0.2 -3.50427 -0.232514
-0.2 -3.50427 -0.155009
-0.2 -3.50427 -0.0775047
-0.2 -3.50427 0
-0.2 -3.50427 0.0775047
-0.2 -3.50427 0.155009
-0.2 -3.50427 0.232514
-0.2 -3.50427 0.310019
-0.2 -3.50427 0.387524
-0.2 -3.50427 0.465028
-0.2 -3.50427 0.542533
-0.2 -3.40515 -0.232514
-0.2 -3.40515 -0.155009
-0.2 -3.40515 -0.0775047
-0.2 -3.40515 0
-0.2 -3.40515 0.0775047
-0.2 -3.40515 0.155009
-0.2 -3.40515 0.232514
-0.2 -3.40515 0.310019
-0.2 -3.40515 0.387524
-0.2 -3.40515 0.465028
-0.2 -3.40515 0.542533
-0.2 -3.30602 -0.232514
-0.2 -3.30602 -0.155009
-0.2 -3.30602 -0.0775047
-0.2 -3.30602 0
-0.2 -3.30602 0.0775047
-0.2 -3.30602 0.155009
-0.2 -3.30602 0.232514
-0.2 -3.30602 0.310019
-0.2 -3.30602 0.387524
-0.2 -3.30602 0.465028
-0.2 -3.30602 0.542533
-0.2 -3.2069 -0.155009
-0.2 -3.2069 -0.0775047
-0.2 -3.2069 0
-0.2 -3.2069 0.0775047
-0.2 -3.2069 0.155009
-0.2 -3.2069 0.232514
-0.2 -3.2069 0.310019
-0.2 -3.2069 0.387524
-0.2 -3.2069 0.465028
-0.2 -3.10778 -0.0775047
-0.2 -3.10778 0
-0.2 -3.10778 0.0775047
-0.2 -3.10778 0.155009
-0.2 -3.10778 0.232514
-0.2 -3.10778 0.310019
-0.2 -3.10778 0.387524
-0.2 -3.00865 0.0775047
-0.2 -3.00865 0.155009
-0.2 -3.00865 0.232514
-0.2 -2.61216 -0.0775047
-0.2 -2.61216 0
-0.2 -2.51304 -0.155009
-0.2 -2.51304 -0.0775047
-0.2 -2.41391 -0.155009
-0.2 -2.41391 -0.0775047
-0.1 -4.09901 -0.310019
-0.1 -4.09901 -0.232514
-0.1 -4.09901 -0.155009
-0.1 -4.09901 -0.0775047
-0.1 -4.09901 0
-0.1 -4.09901 0.0775047
-0.1 -4.09901 0.155009
-0.1 -4.09901 0.232514
-0.1 -4.09901 0.310019
-0.1 -4.09901 0.387524
-0.1 -4.09901 0.465028
-0.1 -4.09901 0.542533
-0.1 -4.09901 0.620038
-0.1 -3.99989 -0.310019
-0.1 -3.99989 -0.232514
-0.1 -3.99989 -0.155009
-0.1 -3.99989 -0.0775047
-0.1 -3.99989 0
-0.1 -3.99989 0.0775047
-0.1 -3.99989 0.155009
-0.1 -3.99989 0.232514
-0.1 -3.99989 0.310019
-0.1 -3.99989 0.387524
-0.1 -3.99989 0.465028
-0.1 -3.99989 0.542533
-0.1 -3.99989 0.620038
-0.1 -3.90076 -0.310019
-0.1 -3.90076 -0.232514
-0.1 -3.90076 -0.155009
-0.1 -3.90076 -0.0775047
-0.1 -3.90076 0
-0.1 -3.90076 0.0775047
-0.1 -3.90076 0.155009
-0.1 -3.90076 0.232514
-0.1 -3.90076 0.310019
-0.1 -3.90076 0.387524
-0.1 -3.90076 0.465028
-0.1 -3.90076 0.542533
-0.1 -3.80164 -0.387524
-0.1 -3.80164 -0.310019
-0.1 -3.80164 -0.232514
-0.1 -3.80164 -0.155009
-0.1 -3.80164 -0.0775047
-0.1 -3.80164 0
-0.1 -3.80164 0.0775047
-0.1 -3.80164 0.155009
-0.1 -3.80164 0.232514
-0.1 -3.80164 0.310019
-0.1 -3.80164 0.387524
-0.1 -3.80164 0.465028
-0.1 -3.80164 0.542533
-0.1 -3.70252 -0.387524
-0.1 -3.70252 -0.310019
-0.1 -3.70252 -0.232514
-0.1 -3.70252 -0.155009
-0.1 -3.70252 -0.0775047
-0.1 -3.70252 0
-0.1 -3.70252 0.0775047
-0.1 -3.70252 0.155009
-0.1 -3.70252 0.232514
-0.1 -3.70252 0.310019
-0.1 -3.70252 0.387524
-0.1 -3.70252 0.465028
-0.1 -3.70252 0.542533
-0.1 -3.60339 -0.465028
-0.1 -3.60339 -0.387524
-0.1 -3.60339 -0.310019
-0.1 -3.60339 -0.232514
-0.1 -3.60339 -0.155009
-0.1 -3.60339 -0.0775047
-0.1 -3.60339 0
-0.1 -3.60339 0.0775047
-0.1 -3.60339 0.155009
-0.1 -3.60339 0.232514
-0.1 -3.60339 0.310019
-0.1 -3.60339 0.387524
-0.1 -3.60339 0.465028
-0.1 -3.60339 0.542533
-0.1 -3.60339 0.620038
-0.1 -3.50427 -0.387524
-0.1 -3.50427 -0.310019
-0.1 -3.50427 -0.232514
-0.1 -3.50427 -0.155009
-0.1 -3.50427 -0.0775047
-0.1 -3.50427 0
-0.1 -3.50427 0.0775047
-0.1 -3.50427 0.155009
-0.1 -3.50427 0.232514
-0.1 -3.50427 0.310019
-0.1 -3.50427 0.387524
-0.1 -3.50427 0.465028
-0.1 -3.50427 0.542533
-0.1 -3.50427 0.620038
-0.1 -3.40515 -0.310019
-0.1 -3.40515 -0.232514
-0.1 -3.40515 -0.155009
-0.1 -3.40515 -0.0775047
-0.1 -3.40515 0
-0.1 -3.40515 0.0775047
-0.1 -3.40515 0.155009
-0.1 -3.40515 0.232514
-0.1 -3.40515 0.310019
-0.1 -3.40515 0.387524
-0.1 -3.40515 0.465028
-0.1 -3.40515 0.542533
-0.1 -3.30602 -0.232514
-0.1 -3.30602 -0.155009
-0.1 -3.30602 -0.0775047
-0.1 -3.30602 0
-0.1 -3.30602 0.0775047
-0.1 -3.30602 0.155009
-0.1 -3.30602 0.232514
-0.1 -3.30602 0.310019
-0.1 -3.30602 0.387524
-0.1 -3.30602 0.465028
-0.1 -3.30602 0.542533
-0.1 -3.2069 -0.232514
-0.1 -3.2069 -0.155009
-0.1 -3.2069 -0.0775047
-0.1 -3.2069 0
-0.1 -3.2069 0.0775047
-0.1 -3.2069 0.155009
-0.1 -3.2069 0.232514
-0.1 -3.2069 0.310019
-0.1 -3.2069 0.387524
-0.1 -3.2069 0.465028
-0.1 -3.10778 -0.0775047
-0.1 -3.10778 0
-0.1 -3.10778 0.0775047
-0.1 -3.10778 0.155009
-0.1 -3.10778 0.232514
-0.1 -3.10778 0.310019
-0.1 -3.10778 0.387524
-0.1 -3.00865 0.0775047
-0.1 -3.00865 0.155009
-0.1 -3.00865 0.232514
-0.1 -2.51304 -0.155009
-0.1 -2.51304 -0.0775047
-0.1 -2.41391 -0.232514
-0.1 -2.41391 -0.155009
0 -4.09901 -0.310019
0 -4.09901 -0.232514
0 -4.09901 -0.155009
0 -4.09901 -0.0775047
0 -4.09901 0
0 -4.09901 0.0775047
0 -4.09901 0.155009
0 -4.09901 0.232514
0 -4.09901 0.310019
0 -4.09901 0.387524
0 -4.09901 0.465028
0 -4.09901 0.542533
0 -4.09901 0.620038
0 -3.99989 -0.310019
0 -3.99989 -0.232514
0 -3.99989 -0.155009
0 -3.99989 -0.0775047
0 -3.99989 0
0 -3.99989 0.0775047
0 -3.99989 0.155009
0 -3.99989 0.232514
0 -3.99989 0.310019
0 -3.99989 0.387524
0 -3.99989 0.465028
0 -3.99989 0.542533
0 -3.99989 0.620038
0 -3.90076 -0.387524
0 -3.90076 -0.310019
0 -3.90076 -0.232514
0 -3.90076 -0.155009
0 -3.90076 -0.0775047
0 -3.90076 0
0 -3.90076 0.0775047
0 -3.90076 0.155009
0 -3.90076 0.232514
0 -3.90076 0.310019
0 -3.90076 0.387524
0 -3.90076 0.465028
0 -3.90076 0.542533
0 -3.90076 0.620038
0 -3.80164 -0.387524
0 -3.80164 -0.310019
0 -3.80164 -0.232514
0 -3.80164 -0.155009
0 -3.80164 -0.0775047
0 -3.80164 0
0 -3.80164 0.0775047
0 -3.80164 0.155009
0 -3.80164 0.232514
0 -3.80164 0.310019
0 -3.80164 0.387524
0 -3.80164 0.465028
0 -3.80164 0.542533
0 -3.80164 0.620038
0 -3.70252 -0.465028
0 -3.70252 -0.387524
0 -3.70252 -0.310019
0 -3.70252 -0.232514
0 -3.70252 -0.155009
0 -3.70252 -0.0775047
0 -3.70252 0
0 -3.70252 0.0775047
0 -3.70252 0.155009
0 -3.70252 0.232514
0 -3.70252 0.310019
0 -3.70252 0.387524
0 -3.70252 0.465028
0 -3.70252 0.542533
0 -3.70252 0.620038
0 -3.60339 -0.465028
0 -3.60339 -0.387524
0 -3.60339 -0.310019
0 -3.60339 -0.232514
0 -3.60339 -0.155009
0 -3.60339 -0.0775047
0 -3.60339 0
0 -3.60339 0.0775047
0 -3.60339 0.155009
0 -3.60339 0.232514
0 -3.60339 0.310019
0 -3.60339 0.387524
0 -3.60339 0.465028
0 -3.60339 0.542533
0 -3.60339 0.620038
0 -3.50427 -0.465028
0 -3.50427 -0.387524
0 -3.50427 -0.310019
0 -3.50427 -0.232514
0 -3.50427 -0.155009
0 -3.50427 -0.0775047
0 -3.50427 0
0 -3.50427 0.0775047
0 -3.50427 0.155009
0 -3.50427 0.232514
0 -3.50427 0.310019
0 -3.50427 0.387524
0 -3.50427 0.465028
0 -3.50427 0.542533
0 -3.50427 0.620038
0 -3.40515 -0.387524
0 -3.40515 -0.310019
0 -3.40515 -0.232514
0 -3.40515 -0.155009
0 -3.40515 -0.0775047
0 -3.40515 0
0 -3.40515 0.0775047
0 -3.40515 0.155009
0 -3.40515 0.232514
0 -3.40515 0.310019
0 -3.40515 0.387524
0 -3.40515 0.465028
0 -3.40515 0.542533
0 -3.40515 0.620038
0 -3.30602 -0.232514
0 -3.30602 -0.155009
0 -3.30602 -0.0775047
0 -3.30602 0
0 -3.30602 0.0775047
0 -3.30602 0.155009
0 -3.30602 0.232514
0 -3.30602 0.310019
0 -3.30602 0.387524
0 -3.30602 0.465028
0 -3.30602 0.542533
0 -3.2069 -0.232514
0 -3.2069 -0.155009
0 -3.2069 -0.0775047
0 -3.2069 0
0 -3.2069 0.0775047
0 -3.2069 0.155009
0 -3.2069 0.232514
0 -3.2069 0.310019
0 -3.2069 0.387524
0 -3.2069 0.465028
0 -3.2069 0.542533
0 -3.10778 -0.155009
0 -3.10778 -0.0775047
0 -3.10778 0
0 -3.10778 0.0775047
0 -3.10778 0.155009
0 -3.10778 0.232514
0 -3.10778 0.310019
0 -3.10778 0.387524
0 -3.10778 0.465028
0 -3.00865 0
0 -3.00865 0.0775047
0 -3.00865 0.155009
0 -3.00865 0.232514
0 -3.00865 0.310019
0 -2.51304 -0.155009
0 -2.41391 -0.232514
0.1 -4.09901 -0.310019
0.1 -4.09901 -0.232514
0.1 -4.09901 -0.155009
0.1 -4.09901 -0.0775047
0.1 -4.09901 0
0.1 -4.09901 0.0775047
0.1 -4.09901 0.155009
0.1 -4.09901 0.232514
0.1 -4.09901 0.310019
0.1 -4.09901 0.387524
0.1 -4.09901 0.465028
0.1 -4.09901 0.542533
0.1 -4.09901 0.620038
0.1 -3.99989 -0.310019
0.1 -3.99989 -0.232514
0.1 -3.99989 -0.155009
0.1 -3.99989 -0.0775047
0.1 -3.99989 0
0.1 -3.99989 0.0775047
0.1 -3.99989 0.155009
0.1 -3.99989 0.232514
0.1 -3.99989 0.310019
0.1 -3.99989 0.387524
0.1 -3.99989 0.465028
0.1 -3.99989 0.542533
0.1 -3.99989 0.620038
0.1 -3.90076 -0.387524
0.1 -3.90076 -0.310019
0.1 -3.90076 -0.232514
0.1 -3.90076 -0.155009
0.1 -3.90076 -0.0775047
0.1 -3.90076 0
0.1 -3.90076 0.0775047
0.1 -3.90076 0.155009
0.1 -3.90076 0.232514
0.1 -3.90076 0.310019
0.1 -3.90076 0.387524
0.1 -3.90076 0.465028
0.1 -3.90076 0.542533
0.1 -3.90076 0.620038
0.1 -3.80164 -0.387524
0.1 -3.80164 -0.310019
0.1 -3.80164 -0.232514
0.1 -3.80164 -0.155009
0.1 -3.80164 -0.0775047
0.1 -3.80164 0
0.1 -3.80164 0.0775047
0.1 -3.80164 0.155009
0.1 -3.80164 0.232514
0.1 -3.80164 0.310019
0.1 -3.80164 0.387524
0.1 -3.80164 0.465028
0.1 -3.80164 0.542533
0.1 -3.80164 0.620038
0.1 -3.70252 -0.387524
0.1 -3.70252 -0.310019
0.1 -3.70252 -0.232514
0.1 -3.70252 -0.155009
0.1 -3.70252 -0.0775047
0.1 -3.70252 0
0.1 -3.70252 0.0775047
0.1 -3.70252 0.155009
0.1 -3.70252 0.232514
0.1 -3.70252 0.310019
0.1 -3.70252 0.387524
0.1 -3.70252 0.465028
0.1 -3.70252 0.542533
0.1 -3.70252 0.620038
0.1 -3.60339 -0.465028
0.1 -3.60339 -0.387524
0.1 -3.60339 -0.310019
0.1 -3.60339 -0.232514
0.1 -3.60339 -0.155009
0.1 -3.60339 -0.0775047
0.1 -3.60339 0
0.1 -3.60339 0.0775047
0.1 -3.60339 0.155009
0.1 -3.60339 0.232514
0.1 -3.60339 0.310019
0.1 -3.60339 0.387524
0.1 -3.60339 0.465028
0.1 -3.60339 0.542533
0.1 -3.60339 0.620038
0.1 -3.50427 -0.387524
0.1 -3.50427 -0.310019
0.1 -3.50427 -0.232514
0.1 -3.50427 -0.155009
0.1 -3.50427 -0.0775047
0.1 -3.50427 0
0.1 -3.50427 0.0775047
0.1 -3.50427 0.155009
0.1 -3.50427 0.232514
0.1 -3.50427 0.310019
0.1 -3.50427 0.387524
0.1 -3.50427 0.465028
0.1 -3.50427 0.542533
0.1 -3.50427 0.620038
0.1 -3.40515 -0.387524
0.1 -3.40515 -0.310019
0.1 -3.40515 -0.232514
0.1 -3.40515 -0.155009
0.1 -3.40515 -0.0775047
0.1 -3.40515 0
0.1 -3.40515 0.0775047
0.1 -3.40515 0.155009
0.1 -3.40515 0.232514
0.1 -3.40515 0.310019
0.1 -3.40515 0.387524
0.1 -3.40515 0.465028
0.1 -3.40515 0.542533
0.1 -3.40515 0.620038
0.1 -3.30602 -0.232514
0.1 -3.30602 -0.155009
0.1 -3.30602 -0.0775047
0.1 -3.30602 0
0.1 -3.30602 0.0775047
0.1 -3.30602 0.155009
0.1 -3.30602 0.232514
0.1 -3.30602 0.310019
0.1 -3.30602 0.387524
0.1 -3.30602 0.465028
0.1 -3.30602 0.542533
0.1 -3.2069 -0.232514
0.1 -3.2069 -0.155009
0.1 -3.2069 -0.0775047
0.1 -3.2069 0
0.1 -3.2069 0.0775047
0.1 -3.2069 0.155009
0.1 -3.2069 0.232514
0.1 -3.2069 0.310019
0.1 -3.2069 0.387524
0.1 -3.2069 0.465028
0.1 -3.2069 0.542533
0.1 -3.10778 -0.155009
0.1 -3.10778 -0.0775047
0.1 -3.10778 0
0.1 -3.10778 0.0775047
0.1 -3.10778 0.155009
0.1 -3.10778 0.232514
0.1 -3.10778 0.310019
0.1 -3.10778 0.387524
0.1 -3.10778 0.465028
0.1 -3.00865 0
0.1 -3.00865 0.0775047
0.1 -3.00865 0.155009
0.1 -3.00865 0.232514
0.1 -3.00865 0.310019
0.1 -3.00865 0.387524
0.1 -2.41391 -0.310019
0.2 -4.09901 -0.232514
0.2 -4.09901 -0.155009
0.2 -4.09901 -0.0775047
0.2 -4.09901 0
0.2 -4.09901 0.0775047
0.2 -4.09901 0.155009
0.2 -4.09901 0.232514
0.2 -4.09901 0.310019
0.2 -4.09901 0.387524
0.2 -4.09901 0.465028
0.2 -4.09901 0.542533
0.2 -4.09901 0.620038
0.2 -3.99989 -0.310019
0.2 -3.99989 -0.232514
0.2 -3.99989 -0.155009
0.2 -3.99989 -0.0775047
0.2 -3.99989 0
0.2 -3.99989 0.0775047
0.2 -3.99989 0.155009
0.2 -3.99989 0.232514
0.2 -3.99989 0.310019
0.2 -3.99989 0.387524
0.2 -3.99989 0.465028
0.2 -3.99989 0.542533
0.2 -3.99989 0.620038
0.2 -3.90076 -0.387524
0.2 -3.90076 -0.310019
0.2 -3.90076 -0.232514
0.2 -3.90076 -0.155009
0.2 -3.90076 -0.0775047
0.2 -3.90076 0
0.2 -3.90076 0.0775047
0.2 -3.90076 0.155009
0.2 -3.90076 0.232514
0.2 -3.90076 0.310019
0.2 -3.90076 0.387524
0.2 -3.90076 0.465028
0.2 -3.90076 0.542533
0.2 -3.90076 0.620038
0.2 -3.80164 -0.387524
0.2 -3.80164 -0.310019
0.2 -3.80164 -0.232514
0.2 -3.80164 -0.155009
0.2 -3.80164 -0.0775047
0.2 -3.80164 0
0.2 -3.80164 0.0775047
0.2 -3.80164 0.155009
0.2 -3.80164 0.232514
0.2 -3.80164 0.310019
0.2 -3.80164 0.387524
0.2 -3.80164 0.465028
0.2 -3.80164 0.542533
0.2 -3.80164 0.620038
0.2 -3.70252 -0.387524
0.2 -3.70252 -0.310019
0.2 -3.70252 -0.232514
0.2 -3.70252 -0.155009
0.2 -3.70252 -0.0775047
0.2 -3.70252 0
0.2 -3.70252 0.0775047
0.2 -3.70252 0.155009
0.2 -3.70252 0.232514
0.2 -3.70252 0.310019
0.2 -3.70252 0.387524
0.2 -3.70252 0.465028
0.2 -3.70252 0.542533
0.2 -3.70252 0.620038
0.2 -3.60339 -0.387524
0.2 -3.60339 -0.310019
0.2 -3.60339 -0.232514
0.2 -3.60339 -0.155009
0.2 -3.60339 -0.0775047
0.2 -3.60339 0
0.2 -3.60339 0.0775047
0.2 -3.60339 0.155009
0.2 -3.60339 0.232514
0.2 -3.60339 0.310019
0.2 -3.60339 0.387524
0.2 -3.60339 0.465028
0.2 -3.60339 0.542533
0.2 -3.60339 0.620038
0.2 -3.50427 -0.387524
0.2 -3.50427 -0.310019
0.2 -3.50427 -0.232514
0.2 -3.50427 -0.155009
0.2 -3.50427 -0.0775047
0.2 -3.50427 0
0.2 -3.50427 0.0775047
0.2 -3.50427 0.155009
0.2 -3.50427 0.232514
0.2 -3.50427 0.310019
0.2 -3.50427 0.387524
0.2 -3.50427 0.465028
0.2 -3.50427 0.542533
0.2 -3.50427 0.620038
0.2 -3.40515 -0.387524
0.2 -3.40515 -0.310019
0.2 -3.40515 -0.232514
0.2 -3.40515 -0.155009
0.2 -3.40515 -0.0775047
0.2 -3.40515 0
0.2 -3.40515 0.0775047
0.2 -3.40515 0.155009
0.2 -3.40515 0.232514
0.2 -3.40515 0.310019
0.2 -3.40515 0.387524
0.2 -3.40515 0.465028
0.2 -3.40515 0.542533
0.2 -3.40515 0.620038
0.2 -3.30602 -0.232514
0.2 -3.30602 -0.155009
0.2 -3.30602 -0.0775047
0.2 -3.30602 0
0.2 -3.30602 0.0775047
0.2 -3.30602 0.155009
0.2 -3.30602 0.232514
0.2 -3.30602 0.310019
0.2 -3.30602 0.387524
0.2 -3.30602 0.465028
0.2 -3.30602 0.542533
0.2 -3.2069 -0.232514
0.2 -3.2069 -0.155009
0.2 -3.2069 -0.0775047
0.2 -3.2069 0
0.2 -3.2069 0.0775047
0.2 -3.2069 0.155009
0.2 -3.2069 0.232514
0.2 -3.2069 0.310019
0.2 -3.2069 0.387524
0.2 -3.2069 0.465028
0.2 -3.2069 0.542533
0.2 -3.10778 -0.155009
0.2 -3.10778 -0.0775047
0.2 -3.10778 0
0.2 -3.10778 0.0775047
0.2 -3.10778 0.155009
0.2 -3.10778 0.232514
0.2 -3.10778 0.310019
0.2 -3.10778 0.387524
0.2 -3.10778 0.465028
0.2 -3.00865 0
0.2 -3.00865 0.0775047
0.2 -3.00865 0.155009
0.2 -3.00865 0.232514
0.2 -3.00865 0.310019
0.2 -3.00865 0.387524
0.3 -4.09901 -0.232514
0.3 -4.09901 -0.155009
0.3 -4.09901 -0.0775047
0.3 -4.09901 0
0.3 -4.09901 0.0775047
0.3 -4.09901 0.155009
0.3 -4.09901 0.232514
0.3 -4.09901 0.310019
0.3 -4.09901 0.387524
0.3 -4.09901 0.465028
0.3 -4.09901 0.542533
0.3 -3.99989 -0.310019
0.3 -3.99989 -0.232514
0.3 -3.99989 -0.155009
0.3 -3.99989 -0.0775047
0.3 -3.99989 0
0.3 -3.99989 0.0775047
0.3 -3.99989 0.155009
0.3 -3.99989 0.232514
0.3 -3.99989 0.310019
0.3 -3.99989 0.387524
0.3 -3.99989 0.465028
0.3 -3.99989 0.542533
0.3 -3.99989 0.620038
0.3 -3.90076 -0.310019
0.3 -3.90076 -0.232514
0.3 -3.90076 -0.155009
0.3 -3.90076 -0.0775047
0.3 -3.90076 0
0.3 -3.90076 0.0775047
0.3 -3.90076 0.155009
0.3 -3.90076 0.232514
0.3 -3.90076 0.310019
0.3 -3.90076 0.387524
0.3 -3.90076 0.465028
0.3 -3.90076 0.542533
0.3 -3.90076 0.620038
0.3 -3.80164 -0.387524
0.3 -3.80164 -0.310019
0.3 -3.80164 -0.232514
0.3 -3.80164 -0.155009
0.3 -3.80164 -0.0775047
0.3 -3.80164 0
0.3 -3.80164 0.0775047
0.3 -3.80164 0.155009
0.3 -3.80164 0.232514
0.3 -3.80164 0.310019
0.3 -3.80164 0.387524
0.3 -3.80164 0.465028
0.3 -3.80164 0.542533
0.3 -3.80164 0.620038
0.3 -3.70252 -0.387524
0.3 -3.70252 -0.310019
0.3 -3.70252 -0.232514
0.3 -3.70252 -0.155009
0.3 -3.70252 -0.0775047
0.3 -3.70252 0
0.3 -3.70252 0.0775047
0.3 -3.70252 0.155009
0.3 -3.70252 0.232514
0.3 -3.70252 0.310019
0.3 -3.70252 0.387524
0.3 -3.70252 0.465028
0.3 -3.70252 0.542533
0.3 -3.70252 0.620038
0.3 -3.60339 -0.387524
0.3 -3.60339 -0.310019
0.3 -3.60339 -0.232514
0.3 -3.60339 -0.155009
0.3 -3.60339 -0.0775047
0.3 -3.60339 0
0.3 -3.60339 0.0775047
0.3 -3.60339 0.155009
0.3 -3.60339 0.232514
0.3 -3.60339 0.310019
0.3 -3.60339 0.387524
0.3 -3.60339 0.465028
0.3 -3.60339 0.542533
0.3 -3.60339 0.620038
0.3 -3.50427 -0.387524
0.3 -3.50427 -0.310019
0.3 -3.50427 -0.232514
0.3 -3.50427 -0.155009
0.3 -3.50427 -0.0775047
0.3 -3.50427 0
0.3 -3.50427 0.0775047
0.3 -3.50427 0.155009
0.3 -3.50427 0.232514
0.3 -3.50427 0.310019
0.3 -3.50427 0.387524
0.3 -3.50427 0.465028
0.3 -3.50427 0.542533
0.3 -3.50427 0.620038
0.3 -3.40515 -0.310019
0.3 -3.40515 -0.232514
0.3 -3.40515 -0.155009
0.3 -3.40515 -0.0775047
0.3 -3.40515 0
0.3 -3.40515 0.0775047
0.3 -3.40515 0.155009
0.3 -3.40515 0.232514
0.3 -3.40515 0.310019
0.3 -3.40515 0.387524
0.3 -3.40515 0.465028
0.3 -3.40515 0.542533
0.3 -3.40515 0.620038
0.3 -3.30602 -0.232514
0.3 -3.30602 -0.155009
0.3 -3.30602 -0.0775047
0.3 -3.30602 0
0.3 -3.30602 0.0775047
0.3 -3.30602 0.155009
0.3 -3.30602 0.232514
0.3 -3.30602 0.310019
0.3 -3.30602 0.387524
0.3 -3.30602 0.465028
0.3 -3.30602 0.542533
0.3 -3.2069 -0.232514
0.3 -3.2069 -0.155009
0.3 -3.2069 -0.0775047
0.3 -3.2069 0
0.3 -3.2069 0.0775047
0.3 -3.2069 0.155009
0.3 -3.2069 0.232514
0.3 -3.2069 0.310019
0.3 -3.2069 0.387524
0.3 -3.2069 0.465028
0.3 -3.2069 0.542533
0.3 -3.10778 -0.155009
0.3 -3.10778 -0.0775047
0.3 -3.10778 0
0.3 -3.10778 0.0775047
0.3 -3.10778 0.155009
0.3 -3.10778 0.232514
0.3 -3.10778 0.310019
0.3 -3.10778 0.387524
0.3 -3.10778 0.465028
0.3 -3.00865 -0.0775047
0.3 -3.00865 0
0.3 -3.00865 0.0775047
0.3 -3.00865 0.155009
0.3 -3.00865 0.232514
0.3 -3.00865 0.310019
0.3 -3.00865 0.387524
0.4 -4.09901 -0.232514
0.4 -4.09901 -0.155009
0.4 -4.09901 -0.0775047
0.4 -4.09901 0
0.4 -4.09901 0.0775047
0.4 -4.09901 0.155009
0.4 -4.09901 0.232514
0.4 -4.09901 0.310019
0.4 -4.09901 0.387524
0.4 -4.09901 0.465028
0.4 -4.09901 0.542533
0.4 -3.99989 -0.310019
0.4 -3.99989 -0.232514
0.4 -3.99989 -0.155009
0.4 -3.99989 -0.0775047
0.4 -3.99989 0
0.4 -3.99989 0.0775047
0.4 -3.99989 0.155009
0.4 -3.99989 0.232514
0.4 -3.99989 0.310019
0.4 -3.99989 0.387524
0.4 -3.99989 0.465028
0.4 -3.99989 0.542533
0.4 -3.90076 -0.310019
0.4 -3.90076 -0.232514
0.4 -3.90076 -0.155009
0.4 -3.90076 -0.0775047
0.4 -3.90076 0
0.4 -3.90076 0.0775047
0.4 -3.90076 0.155009
0.4 -3.90076 0.232514
0.4 -3.90076 0.310019
0.4 -3.90076 0.387524
0.4 -3.90076 0.465028
0.4 -3.90076 0.542533
0.4 -3.90076 0.620038
0.4 -3.80164 -0.310019
0.4 -3.80164 -0.232514
0.4 -3.80164 -0.155009
0.4 -3.80164 -0.0775047
0.4 -3.80164 0
0.4 -3.80164 0.0775047
0.4 -3.80164 0.155009
0.4 -3.80164 0.232514
0.4 -3.80164 0.310019
0.4 -3.80164 0.387524
0.4 -3.80164 0.465028
0.4 -3.80164 0.542533
0.4 -3.80164 0.620038
0.4 -3.70252 -0.310019
0.4 -3.70252 -0.232514
0.4 -3.70252 -0.155009
0.4 -3.70252 -0.0775047
0.4 -3.70252 0
0.4 -3.70252 0.0775047
0.4 -3.70252 0.155009
0.4 -3.70252 0.232514
0.4 -3.70252 0.310019
0.4 -3.70252 0.387524
0.4 -3.70252 0.465028
0.4 -3.70252 0.542533
0.4 -3.70252 0.620038
0.4 -3.60339 -0.310019
0.4 -3.60339 -0.232514
0.4 -3.60339 -0.155009
0.4 -3.60339 -0.0775047
0.4 -3.60339 0
0.4 -3.60339 0.0775047
0.4 -3.60339 0.155009
0.4 -3.60339 0.232514
0.4 -3.60339 0.310019
0.4 -3.60339 0.387524
0.4 -3.60339 0.465028
0.4 -3.60339 0.542533
0.4 -3.60339 0.620038
0.4 -3.50427 -0.310019
0.4 -3.50427 -0.232514
0.4 -3.50427 -0.155009
0.4 -3.50427 -0.0775047
0.4 -3.50427 0
0.4 -3.50427 0.0775047
0.4 -3.50427 0.155009
0.4 -3.50427 0.232514
0.4 -3.50427 0.310019
0.4 -3.50427 0.387524
0.4 -3.50427 0.465028
0.4 -3.50427 0.542533
0.4 -3.50427 0.620038
0.4 -3.40515 -0.232514
0.4 -3.40515 -0.155009
0.4 -3.40515 -0.0775047
0.4 -3.40515 0
0.4 -3.40515 0.0775047
0.4 -3.40515 0.155009
0.4 -3.40515 0.232514
0.4 -3.40515 0.310019
0.4 -3.40515 0.387524
0.4 -3.40515 0.465028
0.4 -3.40515 0.542533
0.4 -3.40515 0.620038
0.4 -3.30602 -0.232514
0.4 -3.30602 -0.155009
0.4 -3.30602 -0.0775047
0.4 -3.30602 0
0.4 -3.30602 0.0775047
0.4 -3.30602 0.155009
0.4 -3.30602 0.232514
0.4 -3.30602 0.310019
0.4 -3.30602 0.387524
0.4 -3.30602 0.465028
0.4 -3.30602 0.542533
0.4 -3.2069 -0.155009
0.4 -3.2069 -0.0775047
0.4 -3.2069 0
0.4 -3.2069 0.0775047
0.4 -3.2069 0.155009
0.4 -3.2069 0.232514
0.4 -3.2069 0.310019
0.4 -3.2069 0.387524
0.4 -3.2069 0.465028
0.4 -3.10778 -0.155009
0.4 -3.10778 -0.0775047
0.4 -3.10778 0
0.4 -3.10778 0.0775047
0.4 -3.10778 0.155009
0.4 -3.10778 0.232514
0.4 -3.10778 0.310019
0.4 -3.10778 0.387524
0.4 -3.10778 0.465028
0.4 -3.00865 0
0.4 -3.00865 0.0775047
0.4 -3.00865 0.155009
0.4 -3.00865 0.232514
0.4 -3.00865 0.310019
0.4 -3.00865 0.387524
0.5 -4.09901 -0.0775047
0.5 -4.09901 0
0.5 -4.09901 0.0775047
0.5 -4.09901 0.155009
0.5 -4.09901 0.232514
0.5 -4.09901 0.310019
0.5 -4.09901 0.387524
0.5 -4.09901 0.465028
0.5 -3.99989 -0.232514
0.5 -3.99989 -0.155009
0.5 -3.99989 -0.0775047
0.5 -3.99989 0
0.5 -3.99989 0.0775047
0.5 -3.99989 0.155009
0.5 -3.99989 0.232514
0.5 -3.99989 0.310019
0.5 -3.99989 0.387524
0.5 -3.99989 0.465028
0.5 -3.90076 -0.310019
0.5 -3.90076 -0.232514
0.5 -3.90076 -0.155009
0.5 -3.90076 -0.0775047
0.5 -3.90076 0
0.5 -3.90076 0.0775047
0.5 -3.90076 0.155009
0.5 -3.90076 0.232514
0.5 -3.90076 0.310019
0.5 -3.90076 0.387524
0.5 -3.90076 0.465028
0.5 -3.90076 0.542533
0.5 -3.80164 -0.310019
0.5 -3.80164 -0.232514
0.5 -3.80164 -0.155009
0.5 -3.80164 -0.0775047
0.5 -3.80164 0
0.5 -3.80164 0.0775047
0.5 -3.80164 0.155009
0.5 -3.80164 0.232514
0.5 -3.80164 0.310019
0.5 -3.80164 0.387524
0.5 -3.80164 0.465028
0.5 -3.80164 0.542533
0.5 -3.80164 0.620038
0.5 -3.70252 -0.310019
0.5 -3.70252 -0.232514
0.5 -3.70252 -0.155009
0.5 -3.70252 -0.0775047
0.5 -3.70252 0
0.5 -3.70252 0.0775047
0.5 -3.70252 0.155009
0.5 -3.70252 0.232514
0.5 -3.70252 0.310019
0.5 -3.70252 0.387524
0.5 -3.70252 0.465028
0.5 -3.70252 0.542533
0.5 -3.70252 0.620038
0.5 -3.60339 -0.310019
0.5 -3.60339 -0.232514
0.5 -3.60339 -0.155009
0.5 -3.60339 -0.0775047
0.5 -3.60339 0
0.5 -3.60339 0.0775047
0.5 -3.60339 0.155009
0.5 -3.60339 0.232514
0.5 -3.60339 0.310019
0.5 -3.60339 0.387524
0.5 -3.60339 0.465028
0.5 -3.60339 0.542533
0.5 -3.60339 0.620038
0.5 -3.50427 -0.232514
0.5 -3.50427 -0.155009
0.5 -3.50427 -0.0775047
0.5 -3.50427 0
0.5 -3.50427 0.0775047
0.5 -3.50427 0.155009
0.5 -3.50427 0.232514
0.5 -3.50427 0.310019
0.5 -3.50427 0.387524
0.5 -3.50427 0.465028
0.5 -3.50427 0.542533
0.5 -3.50427 0.620038
0.5 -3.40515 -0.232514
0.5 -3.40515 -0.155009
0.5 -3.40515 -0.0775047
0.5 -3.40515 0
0.5 -3.40515 0.0775047
0.5 -3.40515 0.155009
0.5 -3.40515 0.232514
0.5 -3.40515 0.310019
0.5 -3.40515 0.387524
0.5 -3.40515 0.465028
0.5 -3.40515 0.542533
0.5 -3.40515 0.620038
0.5 -3.30602 -0.155009
0.5 -3.30602 -0.0775047
0.5 -3.30602 0
0.5 -3.30602 0.0775047
0.5 -3.30602 0.155009
0.5 -3.30602 0.232514
0.5 -3.30602 0.310019
0.5 -3.30602 0.387524
0.5 -3.30602 0.465028
0.5 -3.30602 0.542533
0.5 -3.2069 -0.155009
0.5 -3.2069 -0.0775047
0.5 -3.2069 0
0.5 -3.2069 0.0775047
0.5 -3.2069 0.155009
0.5 -3.2069 0.232514
0.5 -3.2069 0.310019
0.5 -3.2069 0.387524
0.5 -3.2069 0.465028
0.5 -3.10778 -0.0775047
0.5 -3.10778 0
0.5 -3.10778 0.0775047
0.5 -3.10778 0.155009
0.5 -3.10778 0.232514
0.5 -3.10778 0.310019
0.5 -3.10778 0.387524
0.5 -3.00865 0.155009
0.5 -3.00865 0.232514
0.6 -4.09901 0
0.6 -4.09901 0.0775047
0.6 -4.09901 0.155009
0.6 -4.09901 0.232514
0.6 -4.09901 0.310019
0.6 -4.09901 0.387524
0.6 -3.99989 -0.0775047
0.6 -3.99989 0
0.6 -3.99989 0.0775047
0.6 -3.99989 0.155009
0.6 -3.99989 0.232514
0.6 -3.99989 0.310019
0.6 -3.99989 0.387524
0.6 -3.99989 0.465028
0.6 -3.90076 -0.155009
0.6 -3.90076 -0.0775047
0.6 -3.90076 0
0.6 -3.90076 0.0775047
0.6 -3.90076 0.155009
0.6 -3.90076 0.232514
0.6 -3.90076 0.310019
0.6 -3.90076 0.387524
0.6 -3.90076 0.465028
0.6 -3.80164 -0.155009
0.6 -3.80164 -0.0775047
0.6 -3.80164 0
0.6 -3.80164 0.0775047
0.6 -3.80164 0.155009
0.6 -3.80164 0.232514
0.6 -3.80164 0.310019
0.6 -3.80164 0.387524
0.6 -3.80164 0.465028
0.6 -3.80164 0.542533
0.6 -3.70252 -0.232514
0.6 -3.70252 -0.155009
0.6 -3.70252 -0.0775047
0.6 -3.70252 0
0.6 -3.70252 0.0775047
0.6 -3.70252 0.155009
0.6 -3.70252 0.232514
0.6 -3.70252 0.310019
0.6 -3.70252 0.387524
0.6 -3.70252 0.465028
0.6 -3.70252 0.542533
0.6 -3.60339 -0.232514
0.6 -3.60339 -0.155009
0.6 -3.60339 -0.0775047
0.6 -3.60339 0
0.6 -3.60339 0.0775047
0.6 -3.60339 0.155009
0.6 -3.60339 0.232514
0.6 -3.60339 0.310019
0.6 -3.60339 0.387524
0.6 -3.60339 0.465028
0.6 -3.60339 0.542533
0.6 -3.50427 -0.232514
0.6 -3.50427 -0.155009
0.6 -3.50427 -0.0775047
0.6 -3.50427 0
0.6 -3.50427 0.0775047
0.6 -3.50427 0.155009
0.6 -3.50427 0.232514
0.6 -3.50427 0.310019
0.6 -3.50427 0.387524
0.6 -3.50427 0.465028
0.6 -3.50427 0.542533
0.6 -3.40515 -0.155009
0.6 -3.40515 -0.0775047
0.6 -3.40515 0
0.6 -3.40515 0.0775047
0.6 -3.40515 0.155009
0.6 -3.40515 0.232514
0.6 -3.40515 0.310019
0.6 -3.40515 0.387524
0.6 -3.40515 0.465028
0.6 -3.40515 0.542533
0.6 -3.30602 -0.155009
0.6 -3.30602 -0.0775047
0.6 -3.30602 0
0.6 -3.30602 0.0775047
0.6 -3.30602 0.155009
0.6 -3.30602 0.232514
0.6 -3.30602 0.310019
0.6 -3.30602 0.387524
0.6 -3.30602 0.465028
0.6 -3.2069 -0.0775047
0.6 -3.2069 0
0.6 -3.2069 0.0775047
0.6 -3.2069 0.155009
0.6 -3.2069 0.232514
0.6 -3.2069 0.310019
0.6 -3.2069 0.387524
0.6 -3.10778 0.0775047
0.6 -3.10778 0.155009
0.6 -3.10778 0.232514
0.6 -3.10778 0.310019
0.7 -4.09901 0.0775047
0.7 -4.09901 0.155009
0.7 -4.09901 0.232514
0.7 -4.09901 0.310019
0.7 -3.99989 0
0.7 -3.99989 0.0775047
0.7 -3.99989 0.155009
0.7 -3.99989 0.232514
0.7 -3.99989 0.310019
0.7 -3.99989 0.387524
0.7 -3.90076 0
0.7 -3.90076 0.0775047
0.7 -3.90076 0.155009
0.7 -3.90076 0.232514
0.7 -3.90076 0.310019
0.7 -3.90076 0.387524
0.7 -3.80164 -0.0775047
0.7 -3.80164 0
0.7 -3.80164 0.0775047
0.7 -3.80164 0.155009
0.7 -3.80164 0.232514
0.7 -3.80164 0.310019
0.7 -3.80164 0.387524
0.7 -3.80164 0.465028
0.7 -3.70252 -0.0775047
0.7 -3.70252 0
0.7 -3.70252 0.0775047
0.7 -3.70252 0.155009
0.7 -3.70252 0.232514
0.7 -3.70252 0.310019
0.7 -3.70252 0.387524
0.7 -3.70252 0.465028
0.7 -3.60339 -0.0775047
0.7 -3.60339 0
0.7 -3.60339 0.0775047
0.7 -3.60339 0.155009
0.7 -3.60339 0.232514
0.7 -3.60339 0.310019
0.7 -3.60339 0.387524
0.7 -3.60339 0.465028
0.7 -3.50427 -0.155009
0.7 -3.50427 -0.0775047
0.7 -3.50427 0
0.7 -3.50427 0.0775047
0.7 -3.50427 0.155009
0.7 -3.50427 0.232514
0.7 -3.50427 0.310019
0.7 -3.50427 0.387524
0.7 -3.50427 0.465028
0.7 -3.40515 -0.0775047
0.7 -3.40515 0
0.7 -3.40515 0.0775047
0.7 -3.40515 0.155009
0.7 -3.40515 0.232514
0.7 -3.40515 0.310019
0.7 -3.40515 0.387524
0.7 -3.30602 0
0.7 -3.30602 0.0775047
0.7 -3.30602 0.155009
0.7 -3.30602 0.232514
0.7 -3.30602 0.310019
0.7 -3.30602 0.387524
0.7 -3.2069 0.155009
0.7 -3.2069 0.232514
0.8 -3.99989 0
0.8 -3.99989 0.0775047
0.8 -3.99989 0.155009
0.8 -3.99989 0.232514
0.8 -3.99989 0.310019
0.8 -3.99989 0.387524
0.8 -3.90076 0
0.8 -3.90076 0.0775047
0.8 -3.90076 0.155009
0.8 -3.90076 0.232514
0.8 -3.90076 0.310019
0.8 -3.90076 0.387524
0.8 -3.80164 0
0.8 -3.80164 0.0775047
0.8 -3.80164 0.155009
0.8 -3.80164 0.232514
0.8 -3.80164 0.310019
0.8 -3.80164 0.387524
0.8 -3.70252 0.0775047
0.8 -3.70252 0.155009
0.8 -3.70252 0.232514
0.8 -3.60339 0.0775047
0.8 -3.60339 0.155009
0.8 -3.60339 0.232514
0.8 -3.50427 0.0775047
0.8 -3.50427 0.155009
0.8 -3.50427 0.232514
