-11.6441 40 -5e-16
2.90239 37.6606 -13.4788
20.2736 33.1787 -22.3421
39.5341 29.7896 -26.6942
59.5318 29.7011 -26.7926
78.8373 32.9679 -22.652
96.3377 37.4705 -13.9986
111.039 39.9932 -0.736215
121.187 36.6492 16.0261
123.624 24.8974 31.3069
117.28 8.09384 39.1726
104.769 -7.32716 39.3232
88.6829 -18.5007 35.4644
70.2456 -25.07 31.1688
50.4536 -27.2655 29.2676
30.628 -25.2613 31.014
12.1068 -18.8963 35.2552
-4.12356 -7.91541 39.209
-16.8449 7.36667 39.3158
-23.5216 24.2222 31.8322
-21.4706 36.3186 16.7618
71.7157 123.871 71.7157
61.8085 119.342 88.1083
60.2291 107.876 104.275
63.5397 92.4369 116.451
68.0068 74.4627 124.009
70.6176 54.9062 127.142
69.6655 34.963 126.073
65.7832 16.0891 120.717
61.4864 -0.705928 110.803
60.1656 -14.3974 96.3641
65.7082 -22.7219 79.4071
79.4285 -22.716 65.6953
96.4042 -14.3691 60.1619
110.791 -0.72089 61.483
120.709 16.0691 65.778
126.071 34.9475 69.6634
127.144 54.8643 70.6195
124.02 74.4231 68.015
116.47 92.4042 63.5483
104.3 107.852 60.2318
88.1366 119.328 61.7997
71.7157 10.543 71.7157
62.2398 18.4447 86.8028
60.1333 35.4081 96.7375
60.0208 55.1946 98.7093
60.7057 74.0311 92.5193
65.8909 87.421 79.1058
79.1287 87.4091 65.8769
92.5166 74.0358 60.7063
98.711 55.1786 60.0208
96.7401 35.4162 60.1331
86.8026 18.4444 62.2399
89.457 28.2843 28.2843
81.7837 37.6814 13.4207
64.7806 39.8617 3.32292
44.9329 39.9796 1.27715
26.0237 39.3004 7.44819
12.6476 34.1893 20.7627
12.6056 20.843 34.1405
26.1741 7.35962 39.3171
45.1241 1.25752 39.9802
64.9763 3.38652 39.8564
81.9243 13.5602 37.6314
-27.2666 70.7334 50
-25.1733 68.9145 30.2207
-18.7265 64.6543 11.765
-7.67637 60.7435 -4.38762
7.69587 60.7473 -17.0437
24.5194 68.3962 -23.5685
36.5377 83.7213 -21.2856
39.9979 100.405 -11.3128
37.5655 113.742 3.28402
33.0799 122.488 20.6886
29.7492 126.739 39.9501
29.7368 126.753 59.9182
33.0508 122.531 79.1889
37.5412 113.808 96.6188
39.9971 100.482 111.25
36.5353 83.7159 121.288
24.5076 68.387 123.567
7.71036 60.7502 117.052
-7.66846 60.7419 104.396
-18.7223 64.6521 88.2435
-25.1679 68.9102 69.8036
39.9872 98.9872 50
39.6742 94.9051 30.5857
36.2861 83.1679 15.1888
24.6113 68.4678 11.0853
10.1698 61.3144 21.9725
2.02922 60.0515 40.112
2.05204 60.0527 59.9968
10.1677 61.3139 78.0248
24.537 68.4099 88.8936
36.2533 83.0975 84.8653
39.6724 94.8911 69.4455
16.7989 49.6384 -22.7843
32.2614 48.0905 -27.9852
51.0484 47.7533 -29.9616
69.2177 50.8435 -27.6529
88.0538 54.6964 -20.2129
104.743 56.6752 -7.95381
117.258 54.7747 6.94648
128.569 43.2801 36.5158
126.529 26.6923 49.9065
62.7674 -28.9617 48.5706
42.6466 -29.6451 48.3899
22.2977 -25.0501 50.2544
3.21742 -14.7468 54.3861
-12.7188 1.08943 58.6088
-25.2819 23.5543 55.767
-28.2354 37.109 39.368
51.3487 127.879 68.2507
51.7812 83.9867 122.4
46.5769 65.9537 128.318
48.6 43.3014 129.707
52.5327 24.3186 125.724
47.2742 8.27527 118.203
43.3731 -8.54847 104.112
46.6689 -21.4513 85.8277
56.131 -28.0003 66.684
80.5261 -23.9308 48.4545
129.578 44.1775 55.7887
129.176 61.4109 50.9769
123.819 80.7175 47.3067
113.624 98.4092 47.0868
102.414 109.398 38.8381
68.6706 127.744 52.684
-28.9169 54.5086 37.6792
40.251 64.1806 -28.1273
57.4812 91.5133 -17.9755
56.8935 109.002 -3.58412
45.2208 127.519 30.8161
22.0473 46.686 124.884
0.683925 43.5882 112.664
-15.5328 43.5304 95.4268
-29.6078 49.9907 57.9119
125.286 64.1706 26.9526
56.9899 70.0183 -27.1389
52.5487 120.738 12.722
48.0762 129.955 48.1445
-25.2446 44.8921 76.6862
75.8695 75.0923 -21.4223
94.9413 78.5553 -9.70657
111.7 77.1447 6.91582
-16.1688 17.7761 81.3578
34.2729 -25.8883 69.8399
15.2823 -19.3422 69.6557
-1.11775 -5.30618 76.9852
33.1297 24.1009 123.788
25.9872 4.36981 111.166
97.507 101.745 11.718
114.806 91.2051 27.5881
-6.16898 25.7864 101.563
84.792 120.226 33.9417
63.5544 126.601 31.3286
12.6846 24.3328 115.945
23.8215 -13.5906 90.877
77.5896 98.0478 -7.70812
73.603 115.391 10.4161
3.85025 5.701 98.0396
5.90599 39.6701 5.12649
104.887 33.9857 21.0944
103.247 19.2238 35.0777
92.1363 1.65353 39.9658
-5.67798 26.9719 29.5384
-4.11938 36.6658 15.9882
69.3518 104.748 74.2962
60.6997 96.7949 92.5512
76.6049 -8.00151 67.5552
89.6507 2.25968 61.362
102.222 15.4527 60.0618
65.0625 -3.88777 80.5226
48.0215 7.73702 76.6444
43.0538 23.6034 91.8923
38.5759 46.6539 98.5623
43.8931 66.2782 96.8799
59.9443 97.8119 60.7299
87.2995 82.7871 44.1905
97.1244 64.5749 41.8232
98.8206 42.5697 42.1683
91.9187 22.9415 46.7348
76.9111 7.99487 53.3711
92.8039 50.4456 24.1616
78.6194 55.8068 9.41415
57.0743 56.6356 0.949787
38.0445 55.6237 1.77719
3.52445 40.2152 34.3705
16.228 13.3138 53.6845
34.5608 3.19624 58.4284
56.8709 1.0891 57.7791
57.2476 98.0427 38.1945
54.8102 88.7042 18.7135
46.9702 72.8974 5.65444
8.04276 40.9176 75.634
19.2486 50.8669 89.4157
0.617426 43.2845 54.0327
73.5032 94.0371 47.1137
5.51524 27.3197 47.4092
24.818 33.4421 89.8962
86.2786 72.014 23.5567
23.5678 16.3802 75.9047
73.6255 88.398 28.38
68.4806 75.447 11.1295
8.06622 26.4792 63.7234
-13.8241 62.4648 41.7058
1.18949 60.0177 6.74675
17.402 63.9838 -1.64169
33.7257 78.4923 -3.94322
39.7864 95.8717 6.46518
32.0942 76.1262 104.282
15.4658 63.1108 102.326
-7.86282 60.7804 25.1348
