0.0 0.0 0.0
0.516 0.826 0.758
0.997 0.337 0.552
0.604 0.917 0.28
0.462 0.199 0.851
0.077 0.977 0.949
0.488 0.126 0.87
0.037 0.661 0.449
0.311 0.212 0.588
0.894 0.077 0.988
0.769 0.553 0.98
0.779 0.696 0.42
0.165 0.644 0.07
0.187 0.427 0.818
0.974 0.91 0.857
0.434 0.241 0.759
0.026 0.795 0.459
0.876 0.591 0.471
0.861 0.476 0.838
0.456 0.441 0.254
0.421 0.169 0.007
0.065 0.745 0.793
0.78 0.939 0.635
0.84 0.679 0.629
0.245 0.046 0.805
0.192 0.8 0.89
0.369 0.55 0.133
0.845 0.119 0.108
0.804 0.605 0.337
0.3 0.775 0.941
0.928 0.138 0.426
0.106 0.594 0.675
0.91 0.779 0.964
0.147 0.905 0.11
0.216 0.065 0.947
0.918 0.929 0.86
0.668 0.382 0.694
0.094 0.33 0.048
0.162 0.036 0.396
0.521 0.262 0.566
0.069 0.772 0.393
0.452 0.543 0.372
0.011 0.443 0.709
0.143 0.133 0.471
0.578 0.486 0.001
0.626 0.712 0.232
0.25 0.423 0.251
0.835 0.633 0.119
0.978 0.374 0.043
0.829 0.477 0.929
0.667 0.665 0.503
0.855 0.081 0.263
0.276 0.32 0.982
0.097 0.568 0.57
0.26 0.374 0.481
0.692 0.237 0.619
0.678 0.654 0.808
0.932 0.646 0.468
0.273 0.364 0.489
0.589 0.992 0.34
0.086 0.59 0.252
0.324 0.713 0.05
0.612 0.743 0.081
0.891 0.3 0.81
0.816 0.654 0.024
0.122 0.577 0.859
0.317 0.433 0.701
0.034 0.734 0.694
0.031 0.82 0.405
0.627 0.498 0.257
0.4 0.784 0.825
0.346 0.402 0.414
0.929 0.343 0.393
0.161 0.335 0.894
0.502 0.179 0.306
0.072 0.618 0.32
0.515 0.626 0.77
0.917 0.25 0.68
0.289 0.218 0.962
0.038 0.848 0.312
0.579 0.46 0.942
0.338 0.83 0.031
0.325 0.819 0.007
0.865 0.58 0.223
0.62 0.328 0.526
0.251 0.471 0.739
0.616 0.015 0.071
0.341 0.546 0.754
0.237 0.46 0.68
0.184 0.04 0.27
0.537 0.493 0.593