0 0 0
1 0 0
0.948683 0.316228 0
0.948168 0.16607 0.270921
0.954372 0.14171 -0.262853
0.84649 0.458604 -0.270438
0.796031 0.605143 -0.011725
0.945675 -0.156642 0.28489
0.868022 0.442549 0.22514
0.945995 -0.174909 -0.272948
0.944174 -0.329443 0.00198262
0.856842 -0.00650044 -0.515537
0.832168 0.259382 -0.49012
0.643017 0.708392 -0.291051
0.836221 0.0315858 0.547481
0.566523 0.823633 0.0260725
0.795225 -0.303631 -0.52481
0.659101 0.494166 -0.566909
0.793543 -0.304219 0.52701
0.688547 0.652425 0.316615
0.862119 -0.42945 0.268932
0.78527 0.365879 0.499484
0.834586 -0.479943 -0.27041
0.675548 -0.115644 -0.72819
0.640505 -0.110552 0.759955
0.662415 0.180833 -0.726984
0.37307 0.886513 -0.273702
0.5692 -0.427904 0.702075
0.654987 -0.562658 -0.504388
0.273814 0.959469 0.0666774
0.653427 -0.641536 0.401825
0.428493 0.68979 -0.583595
0.775876 -0.629804 0.0369262
0.530134 -0.388134 -0.753863
0.420545 0.829143 0.368327
0.623344 0.235835 0.745536
0.437798 0.383443 -0.813206
0.539111 0.576738 0.613785
0.409544 -0.0254763 -0.911935
0.417467 -0.247274 0.874401
0.603584 -0.750727 -0.268507
0.0605547 0.975535 -0.211339
-0.00710131 0.995826 0.0909941
0.402549 -0.666789 0.627173
0.369444 -0.699749 -0.611442
0.0979296 0.925141 0.366775
0.115855 0.831122 -0.543887
0.382423 0.0536383 0.922429
0.257438 -0.482278 0.837338
-0.253621 0.963514 -0.0855442
0.16009 0.241783 -0.957033
0.236411 -0.406909 -0.882346
0.222477 0.72085 0.656414
0.320989 -0.862084 0.392144
0.297857 -0.924534 -0.237733
0.177799 0.582053 -0.793474
0.503939 -0.860167 0.0784782
0.110542 -0.728772 0.675775
0.304931 0.40831 0.860407
-0.217098 0.877355 -0.427921
-0.229955 0.935864 0.266983
0.0653097 -0.654357 -0.75336
-0.00464518 -0.9116 0.411053
0.126179 -0.203157 0.970982
0.0376737 -0.107935 -0.993444
0.0298116 -0.870449 -0.491355
-0.153878 0.789685 0.593901
-0.0667072 -0.483338 0.872889
-0.520305 0.850455 0.0775207
0.05373 0.146828 0.987702
0.186054 -0.976261 0.110898
-0.22527 -0.723792 0.652211
-0.204486 -0.157571 0.966104
-0.511981 0.811112 -0.282796
-0.488711 0.757335 0.433134
-0.137081 -0.43718 -0.888866
-0.0376827 0.505509 0.861998
-0.174531 0.152628 -0.972751
-0.0273064 -0.985025 -0.170238
-0.143016 0.681231 -0.717963
-0.260531 -0.694638 -0.670524
-0.0762974 0.433191 -0.898067
-0.392376 -0.443206 0.805984
-0.313439 0.201852 0.927907
-0.335748 -0.149583 -0.929999
-0.338883 -0.880183 0.332319
-0.733612 0.648031 0.20462
-0.304273 -0.8735 -0.380021
-0.518735 -0.0966771 0.849452
-0.408393 0.55217 0.726858
-0.481642 0.134696 -0.865955
-0.46228 0.653978 -0.59884
-0.113068 -0.983683 0.139939
-0.479098 -0.433154 -0.763441
-0.363606 0.42649 -0.828189
-0.694376 0.508015 0.509668
-0.538017 -0.659725 0.524691
-0.749216 0.648452 -0.134853
-0.55752 -0.658289 -0.505793
-0.68041 -0.374193 0.630097
-0.688577 0.583471 -0.430609
-0.357264 -0.933258 -0.0373208
-0.655258 -0.0914573 -0.749849
-0.864793 0.414727 0.28308
-0.632584 0.239684 0.736471
-0.765443 -0.540437 0.34932
-0.656408 -0.743658 0.126892
-0.686783 0.307325 -0.658696
-0.791211 -0.0487436 0.609598
-0.907243 0.420573 -0.00534951
-0.762214 -0.361335 -0.537091
-0.849253 0.230162 0.475178
-0.867496 0.363064 -0.340052
-0.890107 -0.449147 0.0773074
-0.872314 0.0131 -0.48877
-0.555478 -0.801717 -0.220668
-0.890762 -0.27779 0.359689
-0.78481 -0.574422 -0.232619
-0.967541 0.182437 0.174878
-0.943228 -0.244397 -0.224925
-0.984074 0.103493 -0.144525
-0.987236 -0.128924 0.0935052
-0.934958 -0.00709181 0.354688
0.305333 -0.163178 0.442122
0.561628 0.00841892 -0.139952
-0.489195 -0.187834 0.142856
-0.483666 0.34853 -0.0535385
0.146595 0.498011 -0.250113
-0.0394889 0.454276 0.341827
-0.023063 -0.566193 -0.0658946
0.00523854 -0.0360774 -0.575067
