-0.594660 -0.053496 0.072129
-0.594660 -0.053496 0.072254
-0.594660 -0.053496 0.072379
-0.594660 -0.053496 0.072505
-0.594660 -0.052101 0.072505
-0.594660 -0.050707 0.071505
-0.594660 -0.050707 0.071629
-0.594660 -0.050707 0.071754
-0.594660 -0.050707 0.071879
-0.594660 -0.050707 0.072005
-0.594660 -0.050707 0.072129
-0.594660 -0.050707 0.072254
-0.594660 -0.050707 0.072379
-0.594660 -0.050707 0.072505
-0.593930 -0.052101 0.071505
-0.593930 -0.052101 0.071879
-0.593930 -0.052101 0.072005
-0.593930 -0.052101 0.072129
-0.593930 -0.052101 0.072254
-0.593930 -0.050707 0.071505
-0.593930 -0.050707 0.071629
-0.593930 -0.050707 0.071754
-0.593930 -0.050707 0.071879
-0.593930 -0.050707 0.072005
-0.593930 -0.050707 0.072129
-0.593930 -0.050707 0.072254
-0.593930 -0.050707 0.072379
-0.593930 -0.050707 0.072505
-0.593200 -0.052101 0.071505
-0.593200 -0.052101 0.071629
-0.593200 -0.052101 0.071754
-0.593200 -0.052101 0.072005
-0.593200 -0.052101 0.072129
-0.593200 -0.052101 0.072254
-0.593200 -0.052101 0.072379
-0.593200 -0.052101 0.072505
-0.593200 -0.050707 0.071505
-0.593200 -0.050707 0.071629
-0.593200 -0.050707 0.071754
-0.593200 -0.050707 0.071879
-0.593200 -0.050707 0.072005
-0.593200 -0.050707 0.072129
-0.593200 -0.050707 0.072254
-0.593200 -0.050707 0.072379
-0.593200 -0.050707 0.072505
-0.592470 -0.052101 0.071505
-0.592470 -0.052101 0.071629
-0.592470 -0.052101 0.071754
-0.592470 -0.052101 0.071879
-0.592470 -0.052101 0.072005
-0.592470 -0.052101 0.072129
-0.592470 -0.052101 0.072254
-0.592470 -0.052101 0.072379
-0.592470 -0.052101 0.072505
-0.592470 -0.050707 0.071505
-0.592470 -0.050707 0.071629
-0.592470 -0.050707 0.071754
-0.592470 -0.050707 0.071879
-0.592470 -0.050707 0.072005
-0.592470 -0.050707 0.072129
-0.592470 -0.050707 0.072254
-0.592470 -0.050707 0.072379
-0.592470 -0.050707 0.072505
-0.591735 -0.057679 0.071505
-0.591735 -0.057679 0.071629
-0.591735 -0.057679 0.071754
-0.591735 -0.057679 0.071879
-0.591735 -0.057679 0.072005
-0.591735 -0.057679 0.072129
-0.591735 -0.057679 0.072254
-0.591735 -0.057679 0.072379
-0.591735 -0.057679 0.072505
-0.591735 -0.056285 0.071505
-0.591735 -0.056285 0.071629
-0.591735 -0.056285 0.071754
-0.591735 -0.056285 0.071879
-0.591735 -0.056285 0.072005
-0.591735 -0.056285 0.072129
-0.591735 -0.056285 0.072254
-0.591735 -0.056285 0.072379
-0.591735 -0.056285 0.072505
-0.591735 -0.052101 0.071505
-0.591735 -0.052101 0.071629
-0.591735 -0.052101 0.071754
-0.591735 -0.052101 0.071879
-0.591735 -0.052101 0.072005
-0.591735 -0.052101 0.072129
-0.591735 -0.052101 0.072254
-0.591735 -0.052101 0.072379
-0.591735 -0.052101 0.072505
-0.591735 -0.052101 0.072630
-0.591735 -0.052101 0.072755
-0.591735 -0.052101 0.072880
-0.591735 -0.052101 0.073005
-0.591735 -0.052101 0.073130
-0.591735 -0.052101 0.073255
-0.591735 -0.052101 0.073380
-0.591735 -0.052101 0.073505
-0.591735 -0.052101 0.073630
-0.591735 -0.050707 0.072630
-0.591735 -0.050707 0.072755
-0.591735 -0.050707 0.072880
-0.591735 -0.050707 0.073005
-0.591735 -0.050707 0.073130
-0.591735 -0.050707 0.073255
-0.591735 -0.050707 0.073380
-0.591735 -0.050707 0.073505
-0.591735 -0.050707 0.073630
-0.591005 -0.057679 0.071505
-0.591005 -0.057679 0.071629
-0.591005 -0.057679 0.071754
-0.591005 -0.057679 0.071879
-0.591005 -0.057679 0.072005
-0.591005 -0.057679 0.072129
-0.591005 -0.057679 0.072254
-0.591005 -0.057679 0.072379
-0.591005 -0.057679 0.072505
-0.591005 -0.056285 0.071505
-0.591005 -0.056285 0.071629
-0.591005 -0.056285 0.071754
-0.591005 -0.056285 0.071879
-0.591005 -0.056285 0.072005
-0.591005 -0.056285 0.072129
-0.591005 -0.056285 0.072254
-0.591005 -0.056285 0.072379
-0.591005 -0.056285 0.072505
-0.591005 -0.054890 0.071505
-0.591005 -0.054890 0.071629
-0.591005 -0.054890 0.071754
-0.591005 -0.054890 0.071879
-0.591005 -0.054890 0.072005
-0.591005 -0.054890 0.072129
-0.591005 -0.054890 0.072254
-0.591005 -0.054890 0.072379
-0.591005 -0.054890 0.072505
-0.591005 -0.053496 0.071505
-0.591005 -0.053496 0.071629
-0.591005 -0.053496 0.071754
-0.591005 -0.053496 0.071879
-0.591005 -0.053496 0.072005
-0.591005 -0.053496 0.072129
-0.591005 -0.053496 0.072254
-0.591005 -0.053496 0.072379
-0.591005 -0.053496 0.072505
-0.591005 -0.052101 0.071505
-0.591005 -0.052101 0.071629
-0.591005 -0.052101 0.071754
-0.591005 -0.052101 0.071879
-0.591005 -0.052101 0.072005
-0.591005 -0.052101 0.072129
-0.591005 -0.052101 0.072254
-0.591005 -0.052101 0.072379
-0.591005 -0.052101 0.072505
-0.591005 -0.052101 0.072630
-0.591005 -0.052101 0.072755
-0.591005 -0.052101 0.072880
-0.591005 -0.052101 0.073005
-0.591005 -0.052101 0.073130
-0.591005 -0.052101 0.073255
-0.591005 -0.052101 0.073380
-0.591005 -0.052101 0.073505
-0.591005 -0.052101 0.073630
-0.590275 -0.056285 0.071505
-0.590275 -0.056285 0.071629
-0.590275 -0.056285 0.071754
-0.590275 -0.056285 0.071879
-0.590275 -0.056285 0.072005
-0.590275 -0.056285 0.072129
-0.590275 -0.056285 0.072254
-0.590275 -0.056285 0.072379
-0.590275 -0.056285 0.072505
-0.590275 -0.054890 0.071505
-0.590275 -0.054890 0.071629
-0.590275 -0.054890 0.071754
-0.590275 -0.054890 0.071879
-0.590275 -0.054890 0.072005
-0.590275 -0.054890 0.072129
-0.590275 -0.054890 0.072254
-0.590275 -0.054890 0.072379
-0.590275 -0.054890 0.072505
-0.590275 -0.053496 0.071505
-0.590275 -0.053496 0.071629
-0.590275 -0.053496 0.071754
-0.590275 -0.053496 0.071879
-0.590275 -0.053496 0.072005
-0.590275 -0.053496 0.072129
-0.590275 -0.053496 0.072254
-0.590275 -0.053496 0.072379
-0.590275 -0.053496 0.072505
-0.590275 -0.052101 0.071505
-0.590275 -0.052101 0.071629
-0.590275 -0.052101 0.071754
-0.590275 -0.052101 0.071879
-0.590275 -0.052101 0.072005
-0.590275 -0.052101 0.072129
-0.590275 -0.052101 0.072254
-0.590275 -0.052101 0.072379
-0.590275 -0.052101 0.072505
-0.590275 -0.052101 0.072630
-0.590275 -0.052101 0.072755
-0.590275 -0.052101 0.072880
-0.590275 -0.052101 0.073005
-0.590275 -0.052101 0.073130
-0.590275 -0.052101 0.073255
-0.590275 -0.052101 0.073380
-0.590275 -0.052101 0.073505
-0.590275 -0.052101 0.073630
-0.590275 -0.047917 0.072630
-0.590275 -0.047917 0.072755
-0.590275 -0.047917 0.072880
-0.590275 -0.047917 0.073005
-0.590275 -0.047917 0.073130
-0.590275 -0.047917 0.073255
-0.589540 -0.056285 0.071505
-0.589540 -0.056285 0.071629
-0.589540 -0.056285 0.071754
-0.589540 -0.056285 0.071879
-0.589540 -0.056285 0.072005
-0.589540 -0.056285 0.072129
-0.589540 -0.056285 0.072254
-0.589540 -0.056285 0.072379
-0.589540 -0.056285 0.072505
-0.589540 -0.054890 0.071505
-0.589540 -0.054890 0.071629
-0.589540 -0.054890 0.071754
-0.589540 -0.054890 0.071879
-0.589540 -0.054890 0.072005
-0.589540 -0.054890 0.072129
-0.589540 -0.054890 0.072254
-0.589540 -0.054890 0.072379
-0.589540 -0.054890 0.072505
-0.589540 -0.053496 0.071505
-0.589540 -0.053496 0.071629
-0.589540 -0.053496 0.071754
-0.589540 -0.053496 0.071879
-0.589540 -0.053496 0.072005
-0.589540 -0.053496 0.072129
-0.589540 -0.053496 0.072254
-0.589540 -0.053496 0.072379
-0.589540 -0.053496 0.072505
-0.589540 -0.052101 0.072630
-0.589540 -0.052101 0.072755
-0.589540 -0.052101 0.072880
-0.589540 -0.052101 0.073005
-0.589540 -0.052101 0.073130
-0.589540 -0.052101 0.073255
-0.589540 -0.052101 0.073380
-0.589540 -0.052101 0.073505
-0.589540 -0.052101 0.073630
-0.589540 -0.050707 0.071505
-0.589540 -0.050707 0.071629
-0.589540 -0.050707 0.071754
-0.589540 -0.050707 0.071879
-0.589540 -0.050707 0.072005
-0.589540 -0.050707 0.072129
-0.589540 -0.050707 0.072254
-0.589540 -0.050707 0.072379
-0.589540 -0.050707 0.072505
-0.589540 -0.047917 0.072630
-0.589540 -0.047917 0.072755
-0.589540 -0.047917 0.072880
-0.589540 -0.047917 0.073005
-0.589540 -0.047917 0.073130
-0.589540 -0.047917 0.073255
-0.589540 -0.047917 0.073380
-0.589540 -0.047917 0.073505
-0.589540 -0.047917 0.073630
-0.588810 -0.056285 0.071505
-0.588810 -0.056285 0.071629
-0.588810 -0.056285 0.071754
-0.588810 -0.056285 0.071879
-0.588810 -0.056285 0.072005
-0.588810 -0.056285 0.072129
-0.588810 -0.056285 0.072254
-0.588810 -0.056285 0.072379
-0.588810 -0.056285 0.072505
-0.588810 -0.054890 0.071505
-0.588810 -0.054890 0.071629
-0.588810 -0.054890 0.071754
-0.588810 -0.054890 0.071879
-0.588810 -0.054890 0.072005
-0.588810 -0.054890 0.072129
-0.588810 -0.054890 0.072254
-0.588810 -0.054890 0.072379
-0.588810 -0.054890 0.072505
-0.588810 -0.053496 0.071505
-0.588810 -0.053496 0.071629
-0.588810 -0.053496 0.071754
-0.588810 -0.053496 0.071879
-0.588810 -0.053496 0.072005
-0.588810 -0.053496 0.072129
-0.588810 -0.053496 0.072254
-0.588810 -0.053496 0.072379
-0.588810 -0.053496 0.072505
-0.588810 -0.053496 0.072630
-0.588810 -0.053496 0.072755
-0.588810 -0.053496 0.072880
-0.588810 -0.053496 0.073005
-0.588810 -0.053496 0.073130
-0.588810 -0.053496 0.073255
-0.588810 -0.053496 0.073380
-0.588810 -0.053496 0.073505
-0.588810 -0.053496 0.073630
-0.588810 -0.050707 0.071505
-0.588810 -0.050707 0.071629
-0.588810 -0.050707 0.071754
-0.588810 -0.050707 0.071879
-0.588810 -0.050707 0.072005
-0.588810 -0.050707 0.072129
-0.588810 -0.050707 0.072254
-0.588810 -0.050707 0.072379
-0.588810 -0.050707 0.072505
-0.588810 -0.050707 0.072630
-0.588810 -0.050707 0.072755
-0.588810 -0.050707 0.072880
-0.588810 -0.050707 0.073005
-0.588810 -0.050707 0.073130
-0.588810 -0.050707 0.073255
-0.588810 -0.050707 0.073380
-0.588810 -0.050707 0.073505
-0.588810 -0.050707 0.073630
-0.588810 -0.047917 0.072630
-0.588810 -0.047917 0.072755
-0.588810 -0.047917 0.072880
-0.588810 -0.047917 0.073005
-0.588810 -0.047917 0.073130
-0.588810 -0.047917 0.073255
-0.588810 -0.047917 0.073380
-0.588810 -0.047917 0.073505
-0.588810 -0.047917 0.073630
-0.588080 -0.054890 0.071505
-0.588080 -0.054890 0.071629
-0.588080 -0.054890 0.071754
-0.588080 -0.054890 0.071879
-0.588080 -0.054890 0.072005
-0.588080 -0.054890 0.072129
-0.588080 -0.054890 0.072254
-0.588080 -0.054890 0.072379
-0.588080 -0.054890 0.072505
-0.588080 -0.054890 0.072630
-0.588080 -0.054890 0.072755
-0.588080 -0.054890 0.072880
-0.588080 -0.054890 0.073005
-0.588080 -0.054890 0.073130
-0.588080 -0.054890 0.073255
-0.588080 -0.054890 0.073380
-0.588080 -0.054890 0.073505
-0.588080 -0.054890 0.073630
-0.588080 -0.053496 0.071505
-0.588080 -0.053496 0.071629
-0.588080 -0.053496 0.071754
-0.588080 -0.053496 0.071879
-0.588080 -0.053496 0.072005
-0.588080 -0.053496 0.072129
-0.588080 -0.053496 0.072254
-0.588080 -0.053496 0.072379
-0.588080 -0.053496 0.072505
-0.588080 -0.053496 0.072630
-0.588080 -0.053496 0.072755
-0.588080 -0.053496 0.072880
-0.588080 -0.053496 0.073005
-0.588080 -0.053496 0.073130
-0.588080 -0.053496 0.073255
-0.588080 -0.053496 0.073380
-0.588080 -0.053496 0.073505
-0.588080 -0.053496 0.073630
-0.588080 -0.052101 0.071505
-0.588080 -0.052101 0.071629
-0.588080 -0.052101 0.071754
-0.588080 -0.052101 0.071879
-0.588080 -0.052101 0.072005
-0.588080 -0.052101 0.072129
-0.588080 -0.052101 0.072254
-0.588080 -0.052101 0.072379
-0.588080 -0.050707 0.071505
-0.588080 -0.050707 0.071629
-0.588080 -0.050707 0.071754
-0.588080 -0.050707 0.071879
-0.588080 -0.050707 0.072005
-0.588080 -0.050707 0.072129
-0.588080 -0.050707 0.072254
-0.588080 -0.050707 0.072379
-0.588080 -0.050707 0.072505
-0.588080 -0.047917 0.072630
-0.588080 -0.047917 0.072755
-0.588080 -0.047917 0.072880
-0.588080 -0.047917 0.073005
-0.588080 -0.047917 0.073130
-0.588080 -0.047917 0.073255
-0.588080 -0.047917 0.073380
-0.588080 -0.047917 0.073505
-0.588080 -0.047917 0.073630
-0.587345 -0.056285 0.071505
-0.587345 -0.056285 0.071629
-0.587345 -0.056285 0.071754
-0.587345 -0.056285 0.071879
-0.587345 -0.056285 0.072005
-0.587345 -0.056285 0.072129
-0.587345 -0.056285 0.072254
-0.587345 -0.056285 0.072379
-0.587345 -0.056285 0.072505
-0.587345 -0.053496 0.071505
-0.587345 -0.053496 0.071629
-0.587345 -0.053496 0.071754
-0.587345 -0.053496 0.071879
-0.587345 -0.053496 0.072005
-0.587345 -0.053496 0.072129
-0.587345 -0.053496 0.072254
-0.587345 -0.053496 0.072379
-0.587345 -0.053496 0.072505
-0.587345 -0.053496 0.072630
-0.587345 -0.053496 0.072755
-0.587345 -0.053496 0.072880
-0.587345 -0.053496 0.073005
-0.587345 -0.052101 0.071505
-0.587345 -0.052101 0.071629
-0.587345 -0.052101 0.071754
-0.587345 -0.052101 0.072129
-0.587345 -0.052101 0.072254
-0.587345 -0.050707 0.071505
-0.587345 -0.050707 0.071629
-0.587345 -0.050707 0.071754
-0.587345 -0.050707 0.071879
-0.587345 -0.050707 0.072005
-0.587345 -0.050707 0.072129
-0.587345 -0.050707 0.072254
-0.587345 -0.050707 0.072379
-0.587345 -0.050707 0.072505
-0.587345 -0.047917 0.072630
-0.587345 -0.047917 0.072755
-0.587345 -0.047917 0.072880
-0.587345 -0.047917 0.073005
-0.587345 -0.047917 0.073130
-0.587345 -0.047917 0.073255
-0.587345 -0.047917 0.073380
-0.587345 -0.047917 0.073505
-0.587345 -0.047917 0.073630
-0.586615 -0.056285 0.071505
-0.586615 -0.056285 0.071629
-0.586615 -0.056285 0.071754
-0.586615 -0.056285 0.071879
-0.586615 -0.056285 0.072005
-0.586615 -0.056285 0.072129
-0.586615 -0.056285 0.072254
-0.586615 -0.056285 0.072379
-0.586615 -0.056285 0.072505
-0.586615 -0.054890 0.072630
-0.586615 -0.054890 0.072755
-0.586615 -0.054890 0.072880
-0.586615 -0.054890 0.073005
-0.586615 -0.054890 0.073130
-0.586615 -0.054890 0.073255
-0.586615 -0.054890 0.073380
-0.586615 -0.054890 0.073505
-0.586615 -0.054890 0.073630
-0.586615 -0.053496 0.071505
-0.586615 -0.053496 0.071629
-0.586615 -0.053496 0.071754
-0.586615 -0.053496 0.071879
-0.586615 -0.053496 0.072005
-0.586615 -0.053496 0.072129
-0.586615 -0.053496 0.072254
-0.586615 -0.053496 0.072379
-0.586615 -0.053496 0.072505
-0.586615 -0.052101 0.071505
-0.586615 -0.052101 0.071629
-0.586615 -0.052101 0.071754
-0.586615 -0.052101 0.071879
-0.586615 -0.052101 0.072005
-0.586615 -0.052101 0.072129
-0.586615 -0.052101 0.072254
-0.586615 -0.050707 0.071505
-0.586615 -0.050707 0.071629
-0.586615 -0.050707 0.071754
-0.586615 -0.050707 0.071879
-0.586615 -0.050707 0.072005
-0.586615 -0.050707 0.072129
-0.586615 -0.050707 0.072254
-0.586615 -0.050707 0.072379
-0.586615 -0.050707 0.072505
-0.585885 -0.056285 0.071505
-0.585885 -0.056285 0.071629
-0.585885 -0.056285 0.071754
-0.585885 -0.056285 0.071879
-0.585885 -0.056285 0.072005
-0.585885 -0.056285 0.072129
-0.585885 -0.056285 0.072254
-0.585885 -0.056285 0.072379
-0.585885 -0.056285 0.072505
-0.585885 -0.054890 0.072630
-0.585885 -0.054890 0.072755
-0.585885 -0.054890 0.072880
-0.585885 -0.054890 0.073005
-0.585885 -0.054890 0.073130
-0.585885 -0.054890 0.073255
-0.585885 -0.054890 0.073380
-0.585885 -0.054890 0.073505
-0.585885 -0.054890 0.073630
-0.585885 -0.053496 0.072630
-0.585885 -0.053496 0.072755
-0.585885 -0.053496 0.072880
-0.585885 -0.053496 0.073005
-0.585885 -0.053496 0.073130
-0.585885 -0.053496 0.073255
-0.585885 -0.053496 0.073380
-0.585885 -0.053496 0.073505
-0.585885 -0.053496 0.073630
-0.585885 -0.052101 0.071505
-0.585885 -0.052101 0.071629
-0.585885 -0.052101 0.071754
-0.585885 -0.052101 0.071879
-0.585885 -0.052101 0.072005
-0.585885 -0.052101 0.072129
-0.585885 -0.052101 0.072254
-0.585885 -0.052101 0.072379
-0.585885 -0.052101 0.072505
-0.585885 -0.050707 0.071505
-0.585885 -0.050707 0.071629
-0.585885 -0.050707 0.071754
-0.585885 -0.050707 0.071879
-0.585885 -0.050707 0.072005
-0.585885 -0.050707 0.072129
-0.585885 -0.050707 0.072254
-0.585885 -0.050707 0.072379
-0.585885 -0.050707 0.072505
-0.585155 -0.057679 0.071505
-0.585155 -0.057679 0.071629
-0.585155 -0.057679 0.071754
-0.585155 -0.057679 0.071879
-0.585155 -0.057679 0.072005
-0.585155 -0.057679 0.072129
-0.585155 -0.057679 0.072254
-0.585155 -0.057679 0.072379
-0.585155 -0.057679 0.072505
-0.585155 -0.056285 0.071505
-0.585155 -0.056285 0.071629
-0.585155 -0.056285 0.071754
-0.585155 -0.056285 0.071879
-0.585155 -0.056285 0.072005
-0.585155 -0.056285 0.072129
-0.585155 -0.056285 0.072254
-0.585155 -0.056285 0.072379
-0.585155 -0.056285 0.072505
-0.585155 -0.053496 0.072630
-0.585155 -0.053496 0.072755
-0.585155 -0.053496 0.072880
-0.585155 -0.053496 0.073005
-0.585155 -0.053496 0.073130
-0.585155 -0.053496 0.073255
-0.585155 -0.052101 0.071505
-0.585155 -0.052101 0.071629
-0.585155 -0.052101 0.071754
-0.585155 -0.052101 0.071879
-0.585155 -0.052101 0.072005
-0.585155 -0.052101 0.072129
-0.585155 -0.052101 0.072254
-0.585155 -0.052101 0.072379
-0.585155 -0.052101 0.072505
-0.585155 -0.052101 0.072630
-0.585155 -0.052101 0.072755
-0.585155 -0.052101 0.072880
-0.585155 -0.052101 0.073005
-0.585155 -0.052101 0.073130
-0.585155 -0.052101 0.073255
-0.585155 -0.052101 0.073380
-0.585155 -0.052101 0.073505
-0.585155 -0.052101 0.073630
-0.584420 -0.057679 0.071505
-0.584420 -0.057679 0.071629
-0.584420 -0.057679 0.071754
-0.584420 -0.057679 0.071879
-0.584420 -0.057679 0.072005
-0.584420 -0.057679 0.072129
-0.584420 -0.057679 0.072254
-0.584420 -0.057679 0.072379
-0.584420 -0.057679 0.072505
-0.584420 -0.056285 0.071505
-0.584420 -0.056285 0.071629
-0.584420 -0.056285 0.071754
-0.584420 -0.056285 0.071879
-0.584420 -0.056285 0.072005
-0.584420 -0.056285 0.072129
-0.584420 -0.056285 0.072254
-0.584420 -0.056285 0.072379
-0.584420 -0.056285 0.072505
-0.584420 -0.054890 0.072630
-0.584420 -0.054890 0.072755
-0.584420 -0.054890 0.072880
-0.584420 -0.054890 0.073005
-0.584420 -0.054890 0.073130
-0.584420 -0.054890 0.073255
-0.584420 -0.054890 0.073380
-0.584420 -0.054890 0.073505
-0.584420 -0.054890 0.073630
-0.584420 -0.053496 0.071505
-0.584420 -0.053496 0.071629
-0.584420 -0.053496 0.071754
-0.584420 -0.053496 0.071879
-0.584420 -0.053496 0.072005
-0.584420 -0.053496 0.072129
-0.584420 -0.053496 0.072254
-0.584420 -0.053496 0.072379
-0.584420 -0.053496 0.072505
-0.584420 -0.053496 0.072630
-0.584420 -0.053496 0.072755
-0.584420 -0.053496 0.072880
-0.584420 -0.053496 0.073005
-0.584420 -0.053496 0.073130
-0.584420 -0.053496 0.073255
-0.584420 -0.053496 0.073380
-0.584420 -0.053496 0.073505
-0.584420 -0.053496 0.073630
-0.584420 -0.052101 0.071505
-0.584420 -0.052101 0.071629
-0.584420 -0.052101 0.071754
-0.584420 -0.052101 0.071879
-0.584420 -0.052101 0.072005
-0.584420 -0.052101 0.072129
-0.584420 -0.052101 0.072254
-0.584420 -0.052101 0.072379
-0.584420 -0.052101 0.072505
-0.584420 -0.052101 0.072630
-0.584420 -0.052101 0.072755
-0.584420 -0.052101 0.072880
-0.584420 -0.052101 0.073005
-0.584420 -0.052101 0.073130
-0.584420 -0.052101 0.073255
-0.584420 -0.052101 0.073380
-0.584420 -0.052101 0.073505
-0.584420 -0.052101 0.073630
-0.584420 -0.050707 0.072630
-0.584420 -0.050707 0.072755
-0.584420 -0.050707 0.072880
-0.584420 -0.050707 0.073005
-0.584420 -0.050707 0.073130
-0.584420 -0.050707 0.073255
-0.584420 -0.050707 0.073380
-0.584420 -0.050707 0.073505
-0.584420 -0.050707 0.073630
-0.583690 -0.053496 0.072630
-0.583690 -0.053496 0.072755
-0.583690 -0.053496 0.072880
-0.583690 -0.053496 0.073005
-0.583690 -0.053496 0.073130
-0.583690 -0.053496 0.073255
-0.583690 -0.053496 0.073380
-0.583690 -0.053496 0.073505
-0.583690 -0.053496 0.073630
-0.583690 -0.052101 0.071505
-0.583690 -0.052101 0.071629
-0.583690 -0.052101 0.071754
-0.583690 -0.052101 0.071879
-0.583690 -0.052101 0.072005
-0.583690 -0.052101 0.072129
-0.583690 -0.052101 0.072254
-0.583690 -0.052101 0.072379
-0.583690 -0.052101 0.072505
-0.583690 -0.052101 0.072630
-0.583690 -0.052101 0.072755
-0.583690 -0.052101 0.072880
-0.583690 -0.052101 0.073005
-0.583690 -0.052101 0.073130
-0.583690 -0.052101 0.073255
-0.583690 -0.052101 0.073380
-0.583690 -0.052101 0.073505
-0.583690 -0.052101 0.073630
-0.582960 -0.053496 0.071505
-0.582960 -0.053496 0.071629
-0.582960 -0.053496 0.071754
-0.582960 -0.053496 0.071879
-0.582960 -0.053496 0.072005
-0.582960 -0.053496 0.072129
-0.582960 -0.053496 0.072254
-0.582960 -0.053496 0.072379
-0.582960 -0.053496 0.072505
-0.582960 -0.053496 0.072630
-0.582960 -0.053496 0.072755
-0.582960 -0.053496 0.072880
-0.582960 -0.053496 0.073005
-0.582960 -0.053496 0.073130
-0.582960 -0.053496 0.073255
-0.582960 -0.053496 0.073380
-0.582960 -0.053496 0.073505
-0.582960 -0.053496 0.073630
-0.582960 -0.052101 0.071505
-0.582960 -0.052101 0.071629
-0.582960 -0.052101 0.071754
-0.582960 -0.052101 0.071879
-0.582960 -0.052101 0.072005
-0.582960 -0.052101 0.072129
-0.582960 -0.052101 0.072254
-0.582960 -0.052101 0.072379
-0.582960 -0.052101 0.072505
-0.582960 -0.052101 0.072630
-0.582960 -0.052101 0.072755
-0.582960 -0.052101 0.072880
-0.582960 -0.052101 0.073005
-0.582960 -0.052101 0.073130
-0.582960 -0.052101 0.073255
-0.582960 -0.052101 0.073380
-0.582960 -0.052101 0.073505
-0.582960 -0.052101 0.073630
-0.582225 -0.053496 0.071505
-0.582225 -0.053496 0.071629
-0.582225 -0.053496 0.071754
-0.582225 -0.053496 0.071879
-0.582225 -0.053496 0.072005
-0.582225 -0.053496 0.072129
-0.582225 -0.053496 0.072254
-0.582225 -0.053496 0.072379
-0.582225 -0.053496 0.072505
-0.582225 -0.053496 0.072630
-0.582225 -0.053496 0.072755
-0.582225 -0.052101 0.071505
-0.582225 -0.052101 0.071629
-0.582225 -0.052101 0.071754
-0.582225 -0.052101 0.071879
-0.582225 -0.052101 0.072005
-0.582225 -0.052101 0.072129
-0.582225 -0.052101 0.072254
-0.582225 -0.052101 0.072379
-0.582225 -0.052101 0.072505
-0.582225 -0.050707 0.071505
-0.582225 -0.050707 0.071629
-0.582225 -0.050707 0.071754
-0.582225 -0.050707 0.071879
-0.582225 -0.050707 0.072005
-0.582225 -0.050707 0.072129
-0.582225 -0.050707 0.072254
-0.582225 -0.050707 0.072379
-0.582225 -0.050707 0.072505
