0 -0.5 -0.5
0 -0.5 -0.447368
0 -0.5 -0.394737
0 -0.5 -0.342105
0 -0.5 -0.289474
0 -0.5 -0.236842
0 -0.5 -0.184211
0 -0.5 -0.131579
0 -0.5 -0.0789474
0 -0.5 -0.0263158
0 -0.5 0.0263158
0 -0.5 0.0789474
0 -0.5 0.131579
0 -0.5 0.184211
0 -0.5 0.236842
0 -0.5 0.289474
0 -0.5 0.342105
0 -0.5 0.394737
0 -0.5 0.447368
0 -0.5 0.5
0 -0.447368 -0.5
0 -0.447368 -0.447368
0 -0.447368 -0.394737
0 -0.447368 -0.342105
0 -0.447368 -0.289474
0 -0.447368 -0.236842
0 -0.447368 -0.184211
0 -0.447368 -0.131579
0 -0.447368 -0.0789474
0 -0.447368 -0.0263158
0 -0.447368 0.0263158
0 -0.447368 0.0789474
0 -0.447368 0.131579
0 -0.447368 0.184211
0 -0.447368 0.236842
0 -0.447368 0.289474
0 -0.447368 0.342105
0 -0.447368 0.394737
0 -0.447368 0.447368
0 -0.447368 0.5
0 -0.394737 -0.5
0 -0.394737 -0.447368
0 -0.394737 -0.394737
0 -0.394737 -0.342105
0 -0.394737 -0.289474
0 -0.394737 -0.236842
0 -0.394737 -0.184211
0 -0.394737 -0.131579
0 -0.394737 -0.0789474
0 -0.394737 -0.0263158
0 -0.394737 0.0263158
0 -0.394737 0.0789474
0 -0.394737 0.131579
0 -0.394737 0.184211
0 -0.394737 0.236842
0 -0.394737 0.289474
0 -0.394737 0.342105
0 -0.394737 0.394737
0 -0.394737 0.447368
0 -0.394737 0.5
0 -0.342105 -0.5
0 -0.342105 -0.447368
0 -0.342105 -0.394737
0 -0.342105 -0.342105
0 -0.342105 -0.289474
0 -0.342105 -0.236842
0 -0.342105 -0.184211
0 -0.342105 -0.131579
0 -0.342105 -0.0789474
0 -0.342105 -0.0263158
0 -0.342105 0.0263158
0 -0.342105 0.0789474
0 -0.342105 0.131579
0 -0.342105 0.184211
0 -0.342105 0.236842
0 -0.342105 0.289474
0 -0.342105 0.342105
0 -0.342105 0.394737
0 -0.342105 0.447368
0 -0.342105 0.5
0 -0.289474 -0.5
0 -0.289474 -0.447368
0 -0.289474 -0.394737
0 -0.289474 -0.342105
0 -0.289474 -0.289474
0 -0.289474 -0.236842
0 -0.289474 -0.184211
0 -0.289474 -0.131579
0 -0.289474 -0.0789474
0 -0.289474 -0.0263158
0 -0.289474 0.0263158
0 -0.289474 0.0789474
0 -0.289474 0.131579
0 -0.289474 0.184211
0 -0.289474 0.236842
0 -0.289474 0.289474
0 -0.289474 0.342105
0 -0.289474 0.394737
0 -0.289474 0.447368
0 -0.289474 0.5
0 -0.236842 -0.5
0 -0.236842 -0.447368
0 -0.236842 -0.394737
0 -0.236842 -0.342105
0 -0.236842 -0.289474
0 -0.236842 -0.236842
0 -0.236842 -0.184211
0 -0.236842 -0.131579
0 -0.236842 -0.0789474
0 -0.236842 -0.0263158
0 -0.236842 0.0263158
0 -0.236842 0.0789474
0 -0.236842 0.131579
0 -0.236842 0.184211
0 -0.236842 0.236842
0 -0.236842 0.289474
0 -0.236842 0.342105
0 -0.236842 0.394737
0 -0.236842 0.447368
0 -0.236842 0.5
0 -0.184211 -0.5
0 -0.184211 -0.447368
0 -0.184211 -0.394737
0 -0.184211 -0.342105
0 -0.184211 -0.289474
0 -0.184211 -0.236842
0 -0.184211 -0.184211
0 -0.184211 -0.131579
0 -0.184211 -0.0789474
0 -0.184211 -0.0263158
0 -0.184211 0.0263158
0 -0.184211 0.0789474
0 -0.184211 0.131579
0 -0.184211 0.184211
0 -0.184211 0.236842
0 -0.184211 0.289474
0 -0.184211 0.342105
0 -0.184211 0.394737
0 -0.184211 0.447368
0 -0.184211 0.5
0 -0.131579 -0.5
0 -0.131579 -0.447368
0 -0.131579 -0.394737
0 -0.131579 -0.342105
0 -0.131579 -0.289474
0 -0.131579 -0.236842
0 -0.131579 -0.184211
0 -0.131579 -0.131579
0 -0.131579 -0.0789474
0 -0.131579 -0.0263158
0 -0.131579 0.0263158
0 -0.131579 0.0789474
0 -0.131579 0.131579
0 -0.131579 0.184211
0 -0.131579 0.236842
0 -0.131579 0.289474
0 -0.131579 0.342105
0 -0.131579 0.394737
0 -0.131579 0.447368
0 -0.131579 0.5
0 -0.0789474 -0.5
0 -0.0789474 -0.447368
0 -0.0789474 -0.394737
0 -0.0789474 -0.342105
0 -0.0789474 -0.289474
0 -0.0789474 -0.236842
0 -0.0789474 -0.184211
0 -0.0789474 -0.131579
0 -0.0789474 -0.0789474
0 -0.0789474 -0.0263158
0 -0.0789474 0.0263158
0 -0.0789474 0.0789474
0 -0.0789474 0.131579
0 -0.0789474 0.184211
0 -0.0789474 0.236842
0 -0.0789474 0.289474
0 -0.0789474 0.342105
0 -0.0789474 0.394737
0 -0.0789474 0.447368
0 -0.0789474 0.5
0 -0.0263158 -0.5
0 -0.0263158 -0.447368
0 -0.0263158 -0.394737
0 -0.0263158 -0.342105
0 -0.0263158 -0.289474
0 -0.0263158 -0.236842
0 -0.0263158 -0.184211
0 -0.0263158 -0.131579
0 -0.0263158 -0.0789474
0 -0.0263158 -0.0263158
0 -0.0263158 0.0263158
0 -0.0263158 0.0789474
0 -0.0263158 0.131579
0 -0.0263158 0.184211
0 -0.0263158 0.236842
0 -0.0263158 0.289474
0 -0.0263158 0.342105
0 -0.0263158 0.394737
0 -0.0263158 0.447368
0 -0.0263158 0.5
0 0.0263158 -0.5
0 0.0263158 -0.447368
0 0.0263158 -0.394737
0 0.0263158 -0.342105
0 0.0263158 -0.289474
0 0.0263158 -0.236842
0 0.0263158 -0.184211
0 0.0263158 -0.131579
0 0.0263158 -0.0789474
0 0.0263158 -0.0263158
0 0.0263158 0.0263158
0 0.0263158 0.0789474
0 0.0263158 0.131579
0 0.0263158 0.184211
0 0.0263158 0.236842
0 0.0263158 0.289474
0 0.0263158 0.342105
0 0.0263158 0.394737
0 0.0263158 0.447368
0 0.0263158 0.5
0 0.0789474 -0.5
0 0.0789474 -0.447368
0 0.0789474 -0.394737
0 0.0789474 -0.342105
0 0.0789474 -0.289474
0 0.0789474 -0.236842
0 0.0789474 -0.184211
0 0.0789474 -0.131579
0 0.0789474 -0.0789474
0 0.0789474 -0.0263158
0 0.0789474 0.0263158
0 0.0789474 0.0789474
0 0.0789474 0.131579
0 0.0789474 0.184211
0 0.0789474 0.236842
0 0.0789474 0.289474
0 0.0789474 0.342105
0 0.0789474 0.394737
0 0.0789474 0.447368
0 0.0789474 0.5
0 0.131579 -0.5
0 0.131579 -0.447368
0 0.131579 -0.394737
0 0.131579 -0.342105
0 0.131579 -0.289474
0 0.131579 -0.236842
0 0.131579 -0.184211
0 0.131579 -0.131579
0 0.131579 -0.0789474
0 0.131579 -0.0263158
0 0.131579 0.0263158
0 0.131579 0.0789474
0 0.131579 0.131579
0 0.131579 0.184211
0 0.131579 0.236842
0 0.131579 0.289474
0 0.131579 0.342105
0 0.131579 0.394737
0 0.131579 0.447368
0 0.131579 0.5
0 0.184211 -0.5
0 0.184211 -0.447368
0 0.184211 -0.394737
0 0.184211 -0.342105
0 0.184211 -0.289474
0 0.184211 -0.236842
0 0.184211 -0.184211
0 0.184211 -0.131579
0 0.184211 -0.0789474
0 0.184211 -0.0263158
0 0.184211 0.0263158
0 0.184211 0.0789474
0 0.184211 0.131579
0 0.184211 0.184211
0 0.184211 0.236842
0 0.184211 0.289474
0 0.184211 0.342105
0 0.184211 0.394737
0 0.184211 0.447368
0 0.184211 0.5
0 0.236842 -0.5
0 0.236842 -0.447368
0 0.236842 -0.394737
0 0.236842 -0.342105
0 0.236842 -0.289474
0 0.236842 -0.236842
0 0.236842 -0.184211
0 0.236842 -0.131579
0 0.236842 -0.0789474
0 0.236842 -0.0263158
0 0.236842 0.0263158
0 0.236842 0.0789474
0 0.236842 0.131579
0 0.236842 0.184211
0 0.236842 0.236842
0 0.236842 0.289474
0 0.236842 0.342105
0 0.236842 0.394737
0 0.236842 0.447368
0 0.236842 0.5
0 0.289474 -0.5
0 0.289474 -0.447368
0 0.289474 -0.394737
0 0.289474 -0.342105
0 0.289474 -0.289474
0 0.289474 -0.236842
0 0.289474 -0.184211
0 0.289474 -0.131579
0 0.289474 -0.0789474
0 0.289474 -0.0263158
0 0.289474 0.0263158
0 0.289474 0.0789474
0 0.289474 0.131579
0 0.289474 0.184211
0 0.289474 0.236842
0 0.289474 0.289474
0 0.289474 0.342105
0 0.289474 0.394737
0 0.289474 0.447368
0 0.289474 0.5
0 0.342105 -0.5
0 0.342105 -0.447368
0 0.342105 -0.394737
0 0.342105 -0.342105
0 0.342105 -0.289474
0 0.342105 -0.236842
0 0.342105 -0.184211
0 0.342105 -0.131579
0 0.342105 -0.0789474
0 0.342105 -0.0263158
0 0.342105 0.0263158
0 0.342105 0.0789474
0 0.342105 0.131579
0 0.342105 0.184211
0 0.342105 0.236842
0 0.342105 0.289474
0 0.342105 0.342105
0 0.342105 0.394737
0 0.342105 0.447368
0 0.342105 0.5
0 0.394737 -0.5
0 0.394737 -0.447368
0 0.394737 -0.394737
0 0.394737 -0.342105
0 0.394737 -0.289474
0 0.394737 -0.236842
0 0.394737 -0.184211
0 0.394737 -0.131579
0 0.394737 -0.0789474
0 0.394737 -0.0263158
0 0.394737 0.0263158
0 0.394737 0.0789474
0 0.394737 0.131579
0 0.394737 0.184211
0 0.394737 0.236842
0 0.394737 0.289474
0 0.394737 0.342105
0 0.394737 0.394737
0 0.394737 0.447368
0 0.394737 0.5
0 0.447368 -0.5
0 0.447368 -0.447368
0 0.447368 -0.394737
0 0.447368 -0.342105
0 0.447368 -0.289474
0 0.447368 -0.236842
0 0.447368 -0.184211
0 0.447368 -0.131579
0 0.447368 -0.0789474
0 0.447368 -0.0263158
0 0.447368 0.0263158
0 0.447368 0.0789474
0 0.447368 0.131579
0 0.447368 0.184211
0 0.447368 0.236842
0 0.447368 0.289474
0 0.447368 0.342105
0 0.447368 0.394737
0 0.447368 0.447368
0 0.447368 0.5
0 0.5 -0.5
0 0.5 -0.447368
0 0.5 -0.394737
0 0.5 -0.342105
0 0.5 -0.289474
0 0.5 -0.236842
0 0.5 -0.184211
0 0.5 -0.131579
0 0.5 -0.0789474
0 0.5 -0.0263158
0 0.5 0.0263158
0 0.5 0.0789474
0 0.5 0.131579
0 0.5 0.184211
0 0.5 0.236842
0 0.5 0.289474
0 0.5 0.342105
0 0.5 0.394737
0 0.5 0.447368
0 0.5 0.5
