-0.25 0.5 -0.25
-0.25 0.5 -0.178571
-0.25 0.5 -0.107143
-0.25 0.5 -0.0357143
-0.25 0.5 0.0357143
-0.25 0.5 0.107143
-0.25 0.5 0.178571
-0.25 0.5 0.25
-0.178571 0.5 -0.25
-0.178571 0.5 -0.178571
-0.178571 0.5 -0.107143
-0.178571 0.5 -0.0357143
-0.178571 0.5 0.0357143
-0.178571 0.5 0.107143
-0.178571 0.5 0.178571
-0.178571 0.5 0.25
-0.107143 0.5 -0.25
-0.107143 0.5 -0.178571
-0.107143 0.5 -0.107143
-0.107143 0.5 -0.0357143
-0.107143 0.5 0.0357143
-0.107143 0.5 0.107143
-0.107143 0.5 0.178571
-0.107143 0.5 0.25
-0.0357143 0.5 -0.25
-0.0357143 0.5 -0.178571
-0.0357143 0.5 -0.107143
-0.0357143 0.5 -0.0357143
-0.0357143 0.5 0.0357143
-0.0357143 0.5 0.107143
-0.0357143 0.5 0.178571
-0.0357143 0.5 0.25
0.0357143 0.5 -0.25
0.0357143 0.5 -0.178571
0.0357143 0.5 -0.107143
0.0357143 0.5 -0.0357143
0.0357143 0.5 0.0357143
0.0357143 0.5 0.107143
0.0357143 0.5 0.178571
0.0357143 0.5 0.25
0.107143 0.5 -0.25
0.107143 0.5 -0.178571
0.107143 0.5 -0.107143
0.107143 0.5 -0.0357143
0.107143 0.5 0.0357143
0.107143 0.5 0.107143
0.107143 0.5 0.178571
0.107143 0.5 0.25
0.178571 0.5 -0.25
0.178571 0.5 -0.178571
0.178571 0.5 -0.107143
0.178571 0.5 -0.0357143
0.178571 0.5 0.0357143
0.178571 0.5 0.107143
0.178571 0.5 0.178571
0.178571 0.5 0.25
0.25 0.5 -0.25
0.25 0.5 -0.178571
0.25 0.5 -0.107143
0.25 0.5 -0.0357143
0.25 0.5 0.0357143
0.25 0.5 0.107143
0.25 0.5 0.178571
0.25 0.5 0.25
-0.25 0.433333 -0.25
-0.25 0.433333 -0.178571
-0.25 0.433333 -0.107143
-0.25 0.433333 -0.0357143
-0.25 0.433333 0.0357143
-0.25 0.433333 0.107143
-0.25 0.433333 0.178571
-0.25 0.433333 0.25
-0.178571 0.433333 -0.25
-0.178571 0.433333 -0.178571
-0.178571 0.433333 -0.107143
-0.178571 0.433333 -0.0357143
-0.178571 0.433333 0.0357143
-0.178571 0.433333 0.107143
-0.178571 0.433333 0.178571
-0.178571 0.433333 0.25
-0.107143 0.433333 -0.25
-0.107143 0.433333 -0.178571
-0.107143 0.433333 -0.107143
-0.107143 0.433333 -0.0357143
-0.107143 0.433333 0.0357143
-0.107143 0.433333 0.107143
-0.107143 0.433333 0.178571
-0.107143 0.433333 0.25
-0.0357143 0.433333 -0.25
-0.0357143 0.433333 -0.178571
-0.0357143 0.433333 -0.107143
-0.0357143 0.433333 -0.0357143
-0.0357143 0.433333 0.0357143
-0.0357143 0.433333 0.107143
-0.0357143 0.433333 0.178571
-0.0357143 0.433333 0.25
0.0357143 0.433333 -0.25
0.0357143 0.433333 -0.178571
0.0357143 0.433333 -0.107143
0.0357143 0.433333 -0.0357143
0.0357143 0.433333 0.0357143
0.0357143 0.433333 0.107143
0.0357143 0.433333 0.178571
0.0357143 0.433333 0.25
0.107143 0.433333 -0.25
0.107143 0.433333 -0.178571
0.107143 0.433333 -0.107143
0.107143 0.433333 -0.0357143
0.107143 0.433333 0.0357143
0.107143 0.433333 0.107143
0.107143 0.433333 0.178571
0.107143 0.433333 0.25
0.178571 0.433333 -0.25
0.178571 0.433333 -0.178571
0.178571 0.433333 -0.107143
0.178571 0.433333 -0.0357143
0.178571 0.433333 0.0357143
0.178571 0.433333 0.107143
0.178571 0.433333 0.178571
0.178571 0.433333 0.25
0.25 0.433333 -0.25
0.25 0.433333 -0.178571
0.25 0.433333 -0.107143
0.25 0.433333 -0.0357143
0.25 0.433333 0.0357143
0.25 0.433333 0.107143
0.25 0.433333 0.178571
0.25 0.433333 0.25
-0.25 0.366667 -0.25
-0.25 0.366667 -0.178571
-0.25 0.366667 -0.107143
-0.25 0.366667 -0.0357143
-0.25 0.366667 0.0357143
-0.25 0.366667 0.107143
-0.25 0.366667 0.178571
-0.25 0.366667 0.25
-0.178571 0.366667 -0.25
-0.178571 0.366667 -0.178571
-0.178571 0.366667 -0.107143
-0.178571 0.366667 -0.0357143
-0.178571 0.366667 0.0357143
-0.178571 0.366667 0.107143
-0.178571 0.366667 0.178571
-0.178571 0.366667 0.25
-0.107143 0.366667 -0.25
-0.107143 0.366667 -0.178571
-0.107143 0.366667 -0.107143
-0.107143 0.366667 -0.0357143
-0.107143 0.366667 0.0357143
-0.107143 0.366667 0.107143
-0.107143 0.366667 0.178571
-0.107143 0.366667 0.25
-0.0357143 0.366667 -0.25
-0.0357143 0.366667 -0.178571
-0.0357143 0.366667 -0.107143
-0.0357143 0.366667 -0.0357143
-0.0357143 0.366667 0.0357143
-0.0357143 0.366667 0.107143
-0.0357143 0.366667 0.178571
-0.0357143 0.366667 0.25
0.0357143 0.366667 -0.25
0.0357143 0.366667 -0.178571
0.0357143 0.366667 -0.107143
0.0357143 0.366667 -0.0357143
0.0357143 0.366667 0.0357143
0.0357143 0.366667 0.107143
0.0357143 0.366667 0.178571
0.0357143 0.366667 0.25
0.107143 0.366667 -0.25
0.107143 0.366667 -0.178571
0.107143 0.366667 -0.107143
0.107143 0.366667 -0.0357143
0.107143 0.366667 0.0357143
0.107143 0.366667 0.107143
0.107143 0.366667 0.178571
0.107143 0.366667 0.25
0.178571 0.366667 -0.25
0.178571 0.366667 -0.178571
0.178571 0.366667 -0.107143
0.178571 0.366667 -0.0357143
0.178571 0.366667 0.0357143
0.178571 0.366667 0.107143
0.178571 0.366667 0.178571
0.178571 0.366667 0.25
0.25 0.366667 -0.25
0.25 0.366667 -0.178571
0.25 0.366667 -0.107143
0.25 0.366667 -0.0357143
0.25 0.366667 0.0357143
0.25 0.366667 0.107143
0.25 0.366667 0.178571
0.25 0.366667 0.25
-0.25 0.3 -0.25
-0.25 0.3 -0.178571
-0.25 0.3 -0.107143
-0.25 0.3 -0.0357143
-0.25 0.3 0.0357143
-0.25 0.3 0.107143
-0.25 0.3 0.178571
-0.25 0.3 0.25
-0.178571 0.3 -0.25
-0.178571 0.3 -0.178571
-0.178571 0.3 -0.107143
-0.178571 0.3 -0.0357143
-0.178571 0.3 0.0357143
-0.178571 0.3 0.107143
-0.178571 0.3 0.178571
-0.178571 0.3 0.25
-0.107143 0.3 -0.25
-0.107143 0.3 -0.178571
-0.107143 0.3 -0.107143
-0.107143 0.3 -0.0357143
-0.107143 0.3 0.0357143
-0.107143 0.3 0.107143
-0.107143 0.3 0.178571
-0.107143 0.3 0.25
-0.0357143 0.3 -0.25
-0.0357143 0.3 -0.178571
-0.0357143 0.3 -0.107143
-0.0357143 0.3 -0.0357143
-0.0357143 0.3 0.0357143
-0.0357143 0.3 0.107143
-0.0357143 0.3 0.178571
-0.0357143 0.3 0.25
0.0357143 0.3 -0.25
0.0357143 0.3 -0.178571
0.0357143 0.3 -0.107143
0.0357143 0.3 -0.0357143
0.0357143 0.3 0.0357143
0.0357143 0.3 0.107143
0.0357143 0.3 0.178571
0.0357143 0.3 0.25
0.107143 0.3 -0.25
0.107143 0.3 -0.178571
0.107143 0.3 -0.107143
0.107143 0.3 -0.0357143
0.107143 0.3 0.0357143
0.107143 0.3 0.107143
0.107143 0.3 0.178571
0.107143 0.3 0.25
0.178571 0.3 -0.25
0.178571 0.3 -0.178571
0.178571 0.3 -0.107143
0.178571 0.3 -0.0357143
0.178571 0.3 0.0357143
0.178571 0.3 0.107143
0.178571 0.3 0.178571
0.178571 0.3 0.25
0.25 0.3 -0.25
0.25 0.3 -0.178571
0.25 0.3 -0.107143
0.25 0.3 -0.0357143
0.25 0.3 0.0357143
0.25 0.3 0.107143
0.25 0.3 0.178571
0.25 0.3 0.25
-0.25 0.233333 -0.25
-0.25 0.233333 -0.178571
-0.25 0.233333 -0.107143
-0.25 0.233333 -0.0357143
-0.25 0.233333 0.0357143
-0.25 0.233333 0.107143
-0.25 0.233333 0.178571
-0.25 0.233333 0.25
-0.178571 0.233333 -0.25
-0.178571 0.233333 -0.178571
-0.178571 0.233333 -0.107143
-0.178571 0.233333 -0.0357143
-0.178571 0.233333 0.0357143
-0.178571 0.233333 0.107143
-0.178571 0.233333 0.178571
-0.178571 0.233333 0.25
-0.107143 0.233333 -0.25
-0.107143 0.233333 -0.178571
-0.107143 0.233333 -0.107143
-0.107143 0.233333 -0.0357143
-0.107143 0.233333 0.0357143
-0.107143 0.233333 0.107143
-0.107143 0.233333 0.178571
-0.107143 0.233333 0.25
-0.0357143 0.233333 -0.25
-0.0357143 0.233333 -0.178571
-0.0357143 0.233333 -0.107143
-0.0357143 0.233333 -0.0357143
-0.0357143 0.233333 0.0357143
-0.0357143 0.233333 0.107143
-0.0357143 0.233333 0.178571
-0.0357143 0.233333 0.25
0.0357143 0.233333 -0.25
0.0357143 0.233333 -0.178571
0.0357143 0.233333 -0.107143
0.0357143 0.233333 -0.0357143
0.0357143 0.233333 0.0357143
0.0357143 0.233333 0.107143
0.0357143 0.233333 0.178571
0.0357143 0.233333 0.25
0.107143 0.233333 -0.25
0.107143 0.233333 -0.178571
0.107143 0.233333 -0.107143
0.107143 0.233333 -0.0357143
0.107143 0.233333 0.0357143
0.107143 0.233333 0.107143
0.107143 0.233333 0.178571
0.107143 0.233333 0.25
0.178571 0.233333 -0.25
0.178571 0.233333 -0.178571
0.178571 0.233333 -0.107143
0.178571 0.233333 -0.0357143
0.178571 0.233333 0.0357143
0.178571 0.233333 0.107143
0.178571 0.233333 0.178571
0.178571 0.233333 0.25
0.25 0.233333 -0.25
0.25 0.233333 -0.178571
0.25 0.233333 -0.107143
0.25 0.233333 -0.0357143
0.25 0.233333 0.0357143
0.25 0.233333 0.107143
0.25 0.233333 0.178571
0.25 0.233333 0.25
-0.25 0.166667 -0.25
-0.25 0.166667 -0.178571
-0.25 0.166667 -0.107143
-0.25 0.166667 -0.0357143
-0.25 0.166667 0.0357143
-0.25 0.166667 0.107143
-0.25 0.166667 0.178571
-0.25 0.166667 0.25
-0.178571 0.166667 -0.25
-0.178571 0.166667 -0.178571
-0.178571 0.166667 -0.107143
-0.178571 0.166667 -0.0357143
-0.178571 0.166667 0.0357143
-0.178571 0.166667 0.107143
-0.178571 0.166667 0.178571
-0.178571 0.166667 0.25
-0.107143 0.166667 -0.25
-0.107143 0.166667 -0.178571
-0.107143 0.166667 -0.107143
-0.107143 0.166667 -0.0357143
-0.107143 0.166667 0.0357143
-0.107143 0.166667 0.107143
-0.107143 0.166667 0.178571
-0.107143 0.166667 0.25
-0.0357143 0.166667 -0.25
-0.0357143 0.166667 -0.178571
-0.0357143 0.166667 -0.107143
-0.0357143 0.166667 -0.0357143
-0.0357143 0.166667 0.0357143
-0.0357143 0.166667 0.107143
-0.0357143 0.166667 0.178571
-0.0357143 0.166667 0.25
0.0357143 0.166667 -0.25
0.0357143 0.166667 -0.178571
0.0357143 0.166667 -0.107143
0.0357143 0.166667 -0.0357143
0.0357143 0.166667 0.0357143
0.0357143 0.166667 0.107143
0.0357143 0.166667 0.178571
0.0357143 0.166667 0.25
0.107143 0.166667 -0.25
0.107143 0.166667 -0.178571
0.107143 0.166667 -0.107143
0.107143 0.166667 -0.0357143
0.107143 0.166667 0.0357143
0.107143 0.166667 0.107143
0.107143 0.166667 0.178571
0.107143 0.166667 0.25
0.178571 0.166667 -0.25
0.178571 0.166667 -0.178571
0.178571 0.166667 -0.107143
0.178571 0.166667 -0.0357143
0.178571 0.166667 0.0357143
0.178571 0.166667 0.107143
0.178571 0.166667 0.178571
0.178571 0.166667 0.25
0.25 0.166667 -0.25
0.25 0.166667 -0.178571
0.25 0.166667 -0.107143
0.25 0.166667 -0.0357143
0.25 0.166667 0.0357143
0.25 0.166667 0.107143
0.25 0.166667 0.178571
0.25 0.166667 0.25
-0.25 0.1 -0.25
-0.25 0.1 -0.178571
-0.25 0.1 -0.107143
-0.25 0.1 -0.0357143
-0.25 0.1 0.0357143
-0.25 0.1 0.107143
-0.25 0.1 0.178571
-0.25 0.1 0.25
-0.178571 0.1 -0.25
-0.178571 0.1 -0.178571
-0.178571 0.1 -0.107143
-0.178571 0.1 -0.0357143
-0.178571 0.1 0.0357143
-0.178571 0.1 0.107143
-0.178571 0.1 0.178571
-0.178571 0.1 0.25
-0.107143 0.1 -0.25
-0.107143 0.1 -0.178571
-0.107143 0.1 -0.107143
-0.107143 0.1 -0.0357143
-0.107143 0.1 0.0357143
-0.107143 0.1 0.107143
-0.107143 0.1 0.178571
-0.107143 0.1 0.25
-0.0357143 0.1 -0.25
-0.0357143 0.1 -0.178571
-0.0357143 0.1 -0.107143
-0.0357143 0.1 -0.0357143
-0.0357143 0.1 0.0357143
-0.0357143 0.1 0.107143
-0.0357143 0.1 0.178571
-0.0357143 0.1 0.25
0.0357143 0.1 -0.25
0.0357143 0.1 -0.178571
0.0357143 0.1 -0.107143
0.0357143 0.1 -0.0357143
0.0357143 0.1 0.0357143
0.0357143 0.1 0.107143
0.0357143 0.1 0.178571
0.0357143 0.1 0.25
0.107143 0.1 -0.25
0.107143 0.1 -0.178571
0.107143 0.1 -0.107143
0.107143 0.1 -0.0357143
0.107143 0.1 0.0357143
0.107143 0.1 0.107143
0.107143 0.1 0.178571
0.107143 0.1 0.25
0.178571 0.1 -0.25
0.178571 0.1 -0.178571
0.178571 0.1 -0.107143
0.178571 0.1 -0.0357143
0.178571 0.1 0.0357143
0.178571 0.1 0.107143
0.178571 0.1 0.178571
0.178571 0.1 0.25
0.25 0.1 -0.25
0.25 0.1 -0.178571
0.25 0.1 -0.107143
0.25 0.1 -0.0357143
0.25 0.1 0.0357143
0.25 0.1 0.107143
0.25 0.1 0.178571
0.25 0.1 0.25
-0.25 0.0333333 -0.25
-0.25 0.0333333 -0.178571
-0.25 0.0333333 -0.107143
-0.25 0.0333333 -0.0357143
-0.25 0.0333333 0.0357143
-0.25 0.0333333 0.107143
-0.25 0.0333333 0.178571
-0.25 0.0333333 0.25
-0.178571 0.0333333 -0.25
-0.178571 0.0333333 -0.178571
-0.178571 0.0333333 -0.107143
-0.178571 0.0333333 -0.0357143
-0.178571 0.0333333 0.0357143
-0.178571 0.0333333 0.107143
-0.178571 0.0333333 0.178571
-0.178571 0.0333333 0.25
-0.107143 0.0333333 -0.25
-0.107143 0.0333333 -0.178571
-0.107143 0.0333333 -0.107143
-0.107143 0.0333333 -0.0357143
-0.107143 0.0333333 0.0357143
-0.107143 0.0333333 0.107143
-0.107143 0.0333333 0.178571
-0.107143 0.0333333 0.25
-0.0357143 0.0333333 -0.25
-0.0357143 0.0333333 -0.178571
-0.0357143 0.0333333 -0.107143
-0.0357143 0.0333333 -0.0357143
-0.0357143 0.0333333 0.0357143
-0.0357143 0.0333333 0.107143
-0.0357143 0.0333333 0.178571
-0.0357143 0.0333333 0.25
0.0357143 0.0333333 -0.25
0.0357143 0.0333333 -0.178571
0.0357143 0.0333333 -0.107143
0.0357143 0.0333333 -0.0357143
0.0357143 0.0333333 0.0357143
0.0357143 0.0333333 0.107143
0.0357143 0.0333333 0.178571
0.0357143 0.0333333 0.25
0.107143 0.0333333 -0.25
0.107143 0.0333333 -0.178571
0.107143 0.0333333 -0.107143
0.107143 0.0333333 -0.0357143
0.107143 0.0333333 0.0357143
0.107143 0.0333333 0.107143
0.107143 0.0333333 0.178571
0.107143 0.0333333 0.25
0.178571 0.0333333 -0.25
0.178571 0.0333333 -0.178571
0.178571 0.0333333 -0.107143
0.178571 0.0333333 -0.0357143
0.178571 0.0333333 0.0357143
0.178571 0.0333333 0.107143
0.178571 0.0333333 0.178571
0.178571 0.0333333 0.25
0.25 0.0333333 -0.25
0.25 0.0333333 -0.178571
0.25 0.0333333 -0.107143
0.25 0.0333333 -0.0357143
0.25 0.0333333 0.0357143
0.25 0.0333333 0.107143
0.25 0.0333333 0.178571
0.25 0.0333333 0.25
-0.25 -0.0333333 -0.25
-0.25 -0.0333333 -0.178571
-0.25 -0.0333333 -0.107143
-0.25 -0.0333333 -0.0357143
-0.25 -0.0333333 0.0357143
-0.25 -0.0333333 0.107143
-0.25 -0.0333333 0.178571
-0.25 -0.0333333 0.25
-0.178571 -0.0333333 -0.25
-0.178571 -0.0333333 -0.178571
-0.178571 -0.0333333 -0.107143
-0.178571 -0.0333333 -0.0357143
-0.178571 -0.0333333 0.0357143
-0.178571 -0.0333333 0.107143
-0.178571 -0.0333333 0.178571
-0.178571 -0.0333333 0.25
-0.107143 -0.0333333 -0.25
-0.107143 -0.0333333 -0.178571
-0.107143 -0.0333333 -0.107143
-0.107143 -0.0333333 -0.0357143
-0.107143 -0.0333333 0.0357143
-0.107143 -0.0333333 0.107143
-0.107143 -0.0333333 0.178571
-0.107143 -0.0333333 0.25
-0.0357143 -0.0333333 -0.25
-0.0357143 -0.0333333 -0.178571
-0.0357143 -0.0333333 -0.107143
-0.0357143 -0.0333333 -0.0357143
-0.0357143 -0.0333333 0.0357143
-0.0357143 -0.0333333 0.107143
-0.0357143 -0.0333333 0.178571
-0.0357143 -0.0333333 0.25
0.0357143 -0.0333333 -0.25
0.0357143 -0.0333333 -0.178571
0.0357143 -0.0333333 -0.107143
0.0357143 -0.0333333 -0.0357143
0.0357143 -0.0333333 0.0357143
0.0357143 -0.0333333 0.107143
0.0357143 -0.0333333 0.178571
0.0357143 -0.0333333 0.25
0.107143 -0.0333333 -0.25
0.107143 -0.0333333 -0.178571
0.107143 -0.0333333 -0.107143
0.107143 -0.0333333 -0.0357143
0.107143 -0.0333333 0.0357143
0.107143 -0.0333333 0.107143
0.107143 -0.0333333 0.178571
0.107143 -0.0333333 0.25
0.178571 -0.0333333 -0.25
0.178571 -0.0333333 -0.178571
0.178571 -0.0333333 -0.107143
0.178571 -0.0333333 -0.0357143
0.178571 -0.0333333 0.0357143
0.178571 -0.0333333 0.107143
0.178571 -0.0333333 0.178571
0.178571 -0.0333333 0.25
0.25 -0.0333333 -0.25
0.25 -0.0333333 -0.178571
0.25 -0.0333333 -0.107143
0.25 -0.0333333 -0.0357143
0.25 -0.0333333 0.0357143
0.25 -0.0333333 0.107143
0.25 -0.0333333 0.178571
0.25 -0.0333333 0.25
-0.25 -0.1 -0.25
-0.25 -0.1 -0.178571
-0.25 -0.1 -0.107143
-0.25 -0.1 -0.0357143
-0.25 -0.1 0.0357143
-0.25 -0.1 0.107143
-0.25 -0.1 0.178571
-0.25 -0.1 0.25
-0.178571 -0.1 -0.25
-0.178571 -0.1 -0.178571
-0.178571 -0.1 -0.107143
-0.178571 -0.1 -0.0357143
-0.178571 -0.1 0.0357143
-0.178571 -0.1 0.107143
-0.178571 -0.1 0.178571
-0.178571 -0.1 0.25
-0.107143 -0.1 -0.25
-0.107143 -0.1 -0.178571
-0.107143 -0.1 -0.107143
-0.107143 -0.1 -0.0357143
-0.107143 -0.1 0.0357143
-0.107143 -0.1 0.107143
-0.107143 -0.1 0.178571
-0.107143 -0.1 0.25
-0.0357143 -0.1 -0.25
-0.0357143 -0.1 -0.178571
-0.0357143 -0.1 -0.107143
-0.0357143 -0.1 -0.0357143
-0.0357143 -0.1 0.0357143
-0.0357143 -0.1 0.107143
-0.0357143 -0.1 0.178571
-0.0357143 -0.1 0.25
0.0357143 -0.1 -0.25
0.0357143 -0.1 -0.178571
0.0357143 -0.1 -0.107143
0.0357143 -0.1 -0.0357143
0.0357143 -0.1 0.0357143
0.0357143 -0.1 0.107143
0.0357143 -0.1 0.178571
0.0357143 -0.1 0.25
0.107143 -0.1 -0.25
0.107143 -0.1 -0.178571
0.107143 -0.1 -0.107143
0.107143 -0.1 -0.0357143
0.107143 -0.1 0.0357143
0.107143 -0.1 0.107143
0.107143 -0.1 0.178571
0.107143 -0.1 0.25
0.178571 -0.1 -0.25
0.178571 -0.1 -0.178571
0.178571 -0.1 -0.107143
0.178571 -0.1 -0.0357143
0.178571 -0.1 0.0357143
0.178571 -0.1 0.107143
0.178571 -0.1 0.178571
0.178571 -0.1 0.25
0.25 -0.1 -0.25
0.25 -0.1 -0.178571
0.25 -0.1 -0.107143
0.25 -0.1 -0.0357143
0.25 -0.1 0.0357143
0.25 -0.1 0.107143
0.25 -0.1 0.178571
0.25 -0.1 0.25
-0.25 -0.166667 -0.25
-0.25 -0.166667 -0.178571
-0.25 -0.166667 -0.107143
-0.25 -0.166667 -0.0357143
-0.25 -0.166667 0.0357143
-0.25 -0.166667 0.107143
-0.25 -0.166667 0.178571
-0.25 -0.166667 0.25
-0.178571 -0.166667 -0.25
-0.178571 -0.166667 -0.178571
-0.178571 -0.166667 -0.107143
-0.178571 -0.166667 -0.0357143
-0.178571 -0.166667 0.0357143
-0.178571 -0.166667 0.107143
-0.178571 -0.166667 0.178571
-0.178571 -0.166667 0.25
-0.107143 -0.166667 -0.25
-0.107143 -0.166667 -0.178571
-0.107143 -0.166667 -0.107143
-0.107143 -0.166667 -0.0357143
-0.107143 -0.166667 0.0357143
-0.107143 -0.166667 0.107143
-0.107143 -0.166667 0.178571
-0.107143 -0.166667 0.25
-0.0357143 -0.166667 -0.25
-0.0357143 -0.166667 -0.178571
-0.0357143 -0.166667 -0.107143
-0.0357143 -0.166667 -0.0357143
-0.0357143 -0.166667 0.0357143
-0.0357143 -0.166667 0.107143
-0.0357143 -0.166667 0.178571
-0.0357143 -0.166667 0.25
0.0357143 -0.166667 -0.25
0.0357143 -0.166667 -0.178571
0.0357143 -0.166667 -0.107143
0.0357143 -0.166667 -0.0357143
0.0357143 -0.166667 0.0357143
0.0357143 -0.166667 0.107143
0.0357143 -0.166667 0.178571
0.0357143 -0.166667 0.25
0.107143 -0.166667 -0.25
0.107143 -0.166667 -0.178571
0.107143 -0.166667 -0.107143
0.107143 -0.166667 -0.0357143
0.107143 -0.166667 0.0357143
0.107143 -0.166667 0.107143
0.107143 -0.166667 0.178571
0.107143 -0.166667 0.25
0.178571 -0.166667 -0.25
0.178571 -0.166667 -0.178571
0.178571 -0.166667 -0.107143
0.178571 -0.166667 -0.0357143
0.178571 -0.166667 0.0357143
0.178571 -0.166667 0.107143
0.178571 -0.166667 0.178571
0.178571 -0.166667 0.25
0.25 -0.166667 -0.25
0.25 -0.166667 -0.178571
0.25 -0.166667 -0.107143
0.25 -0.166667 -0.0357143
0.25 -0.166667 0.0357143
0.25 -0.166667 0.107143
0.25 -0.166667 0.178571
0.25 -0.166667 0.25
-0.25 -0.233333 -0.25
-0.25 -0.233333 -0.178571
-0.25 -0.233333 -0.107143
-0.25 -0.233333 -0.0357143
-0.25 -0.233333 0.0357143
-0.25 -0.233333 0.107143
-0.25 -0.233333 0.178571
-0.25 -0.233333 0.25
-0.178571 -0.233333 -0.25
-0.178571 -0.233333 -0.178571
-0.178571 -0.233333 -0.107143
-0.178571 -0.233333 -0.0357143
-0.178571 -0.233333 0.0357143
-0.178571 -0.233333 0.107143
-0.178571 -0.233333 0.178571
-0.178571 -0.233333 0.25
-0.107143 -0.233333 -0.25
-0.107143 -0.233333 -0.178571
-0.107143 -0.233333 -0.107143
-0.107143 -0.233333 -0.0357143
-0.107143 -0.233333 0.0357143
-0.107143 -0.233333 0.107143
-0.107143 -0.233333 0.178571
-0.107143 -0.233333 0.25
-0.0357143 -0.233333 -0.25
-0.0357143 -0.233333 -0.178571
-0.0357143 -0.233333 -0.107143
-0.0357143 -0.233333 -0.0357143
-0.0357143 -0.233333 0.0357143
-0.0357143 -0.233333 0.107143
-0.0357143 -0.233333 0.178571
-0.0357143 -0.233333 0.25
0.0357143 -0.233333 -0.25
0.0357143 -0.233333 -0.178571
0.0357143 -0.233333 -0.107143
0.0357143 -0.233333 -0.0357143
0.0357143 -0.233333 0.0357143
0.0357143 -0.233333 0.107143
0.0357143 -0.233333 0.178571
0.0357143 -0.233333 0.25
0.107143 -0.233333 -0.25
0.107143 -0.233333 -0.178571
0.107143 -0.233333 -0.107143
0.107143 -0.233333 -0.0357143
0.107143 -0.233333 0.0357143
0.107143 -0.233333 0.107143
0.107143 -0.233333 0.178571
0.107143 -0.233333 0.25
0.178571 -0.233333 -0.25
0.178571 -0.233333 -0.178571
0.178571 -0.233333 -0.107143
0.178571 -0.233333 -0.0357143
0.178571 -0.233333 0.0357143
0.178571 -0.233333 0.107143
0.178571 -0.233333 0.178571
0.178571 -0.233333 0.25
0.25 -0.233333 -0.25
0.25 -0.233333 -0.178571
0.25 -0.233333 -0.107143
0.25 -0.233333 -0.0357143
0.25 -0.233333 0.0357143
0.25 -0.233333 0.107143
0.25 -0.233333 0.178571
0.25 -0.233333 0.25
-0.25 -0.3 -0.25
-0.25 -0.3 -0.178571
-0.25 -0.3 -0.107143
-0.25 -0.3 -0.0357143
-0.25 -0.3 0.0357143
-0.25 -0.3 0.107143
-0.25 -0.3 0.178571
-0.25 -0.3 0.25
-0.178571 -0.3 -0.25
-0.178571 -0.3 -0.178571
-0.178571 -0.3 -0.107143
-0.178571 -0.3 -0.0357143
-0.178571 -0.3 0.0357143
-0.178571 -0.3 0.107143
-0.178571 -0.3 0.178571
-0.178571 -0.3 0.25
-0.107143 -0.3 -0.25
-0.107143 -0.3 -0.178571
-0.107143 -0.3 -0.107143
-0.107143 -0.3 -0.0357143
-0.107143 -0.3 0.0357143
-0.107143 -0.3 0.107143
-0.107143 -0.3 0.178571
-0.107143 -0.3 0.25
-0.0357143 -0.3 -0.25
-0.0357143 -0.3 -0.178571
-0.0357143 -0.3 -0.107143
-0.0357143 -0.3 -0.0357143
-0.0357143 -0.3 0.0357143
-0.0357143 -0.3 0.107143
-0.0357143 -0.3 0.178571
-0.0357143 -0.3 0.25
0.0357143 -0.3 -0.25
0.0357143 -0.3 -0.178571
0.0357143 -0.3 -0.107143
0.0357143 -0.3 -0.0357143
0.0357143 -0.3 0.0357143
0.0357143 -0.3 0.107143
0.0357143 -0.3 0.178571
0.0357143 -0.3 0.25
0.107143 -0.3 -0.25
0.107143 -0.3 -0.178571
0.107143 -0.3 -0.107143
0.107143 -0.3 -0.0357143
0.107143 -0.3 0.0357143
0.107143 -0.3 0.107143
0.107143 -0.3 0.178571
0.107143 -0.3 0.25
0.178571 -0.3 -0.25
0.178571 -0.3 -0.178571
0.178571 -0.3 -0.107143
0.178571 -0.3 -0.0357143
0.178571 -0.3 0.0357143
0.178571 -0.3 0.107143
0.178571 -0.3 0.178571
0.178571 -0.3 0.25
0.25 -0.3 -0.25
0.25 -0.3 -0.178571
0.25 -0.3 -0.107143
0.25 -0.3 -0.0357143
0.25 -0.3 0.0357143
0.25 -0.3 0.107143
0.25 -0.3 0.178571
0.25 -0.3 0.25
-0.25 -0.366667 -0.25
-0.25 -0.366667 -0.178571
-0.25 -0.366667 -0.107143
-0.25 -0.366667 -0.0357143
-0.25 -0.366667 0.0357143
-0.25 -0.366667 0.107143
-0.25 -0.366667 0.178571
-0.25 -0.366667 0.25
-0.178571 -0.366667 -0.25
-0.178571 -0.366667 -0.178571
-0.178571 -0.366667 -0.107143
-0.178571 -0.366667 -0.0357143
-0.178571 -0.366667 0.0357143
-0.178571 -0.366667 0.107143
-0.178571 -0.366667 0.178571
-0.178571 -0.366667 0.25
-0.107143 -0.366667 -0.25
-0.107143 -0.366667 -0.178571
-0.107143 -0.366667 -0.107143
-0.107143 -0.366667 -0.0357143
-0.107143 -0.366667 0.0357143
-0.107143 -0.366667 0.107143
-0.107143 -0.366667 0.178571
-0.107143 -0.366667 0.25
-0.0357143 -0.366667 -0.25
-0.0357143 -0.366667 -0.178571
-0.0357143 -0.366667 -0.107143
-0.0357143 -0.366667 -0.0357143
-0.0357143 -0.366667 0.0357143
-0.0357143 -0.366667 0.107143
-0.0357143 -0.366667 0.178571
-0.0357143 -0.366667 0.25
0.0357143 -0.366667 -0.25
0.0357143 -0.366667 -0.178571
0.0357143 -0.366667 -0.107143
0.0357143 -0.366667 -0.0357143
0.0357143 -0.366667 0.0357143
0.0357143 -0.366667 0.107143
0.0357143 -0.366667 0.178571
0.0357143 -0.366667 0.25
0.107143 -0.366667 -0.25
0.107143 -0.366667 -0.178571
0.107143 -0.366667 -0.107143
0.107143 -0.366667 -0.0357143
0.107143 -0.366667 0.0357143
0.107143 -0.366667 0.107143
0.107143 -0.366667 0.178571
0.107143 -0.366667 0.25
0.178571 -0.366667 -0.25
0.178571 -0.366667 -0.178571
0.178571 -0.366667 -0.107143
0.178571 -0.366667 -0.0357143
0.178571 -0.366667 0.0357143
0.178571 -0.366667 0.107143
0.178571 -0.366667 0.178571
0.178571 -0.366667 0.25
0.25 -0.366667 -0.25
0.25 -0.366667 -0.178571
0.25 -0.366667 -0.107143
0.25 -0.366667 -0.0357143
0.25 -0.366667 0.0357143
0.25 -0.366667 0.107143
0.25 -0.366667 0.178571
0.25 -0.366667 0.25
-0.25 -0.433333 -0.25
-0.25 -0.433333 -0.178571
-0.25 -0.433333 -0.107143
-0.25 -0.433333 -0.0357143
-0.25 -0.433333 0.0357143
-0.25 -0.433333 0.107143
-0.25 -0.433333 0.178571
-0.25 -0.433333 0.25
-0.178571 -0.433333 -0.25
-0.178571 -0.433333 -0.178571
-0.178571 -0.433333 -0.107143
-0.178571 -0.433333 -0.0357143
-0.178571 -0.433333 0.0357143
-0.178571 -0.433333 0.107143
-0.178571 -0.433333 0.178571
-0.178571 -0.433333 0.25
-0.107143 -0.433333 -0.25
-0.107143 -0.433333 -0.178571
-0.107143 -0.433333 -0.107143
-0.107143 -0.433333 -0.0357143
-0.107143 -0.433333 0.0357143
-0.107143 -0.433333 0.107143
-0.107143 -0.433333 0.178571
-0.107143 -0.433333 0.25
-0.0357143 -0.433333 -0.25
-0.0357143 -0.433333 -0.178571
-0.0357143 -0.433333 -0.107143
-0.0357143 -0.433333 -0.0357143
-0.0357143 -0.433333 0.0357143
-0.0357143 -0.433333 0.107143
-0.0357143 -0.433333 0.178571
-0.0357143 -0.433333 0.25
0.0357143 -0.433333 -0.25
0.0357143 -0.433333 -0.178571
0.0357143 -0.433333 -0.107143
0.0357143 -0.433333 -0.0357143
0.0357143 -0.433333 0.0357143
0.0357143 -0.433333 0.107143
0.0357143 -0.433333 0.178571
0.0357143 -0.433333 0.25
0.107143 -0.433333 -0.25
0.107143 -0.433333 -0.178571
0.107143 -0.433333 -0.107143
0.107143 -0.433333 -0.0357143
0.107143 -0.433333 0.0357143
0.107143 -0.433333 0.107143
0.107143 -0.433333 0.178571
0.107143 -0.433333 0.25
0.178571 -0.433333 -0.25
0.178571 -0.433333 -0.178571
0.178571 -0.433333 -0.107143
0.178571 -0.433333 -0.0357143
0.178571 -0.433333 0.0357143
0.178571 -0.433333 0.107143
0.178571 -0.433333 0.178571
0.178571 -0.433333 0.25
0.25 -0.433333 -0.25
0.25 -0.433333 -0.178571
0.25 -0.433333 -0.107143
0.25 -0.433333 -0.0357143
0.25 -0.433333 0.0357143
0.25 -0.433333 0.107143
0.25 -0.433333 0.178571
0.25 -0.433333 0.25
-0.25 -0.5 -0.25
-0.25 -0.5 -0.178571
-0.25 -0.5 -0.107143
-0.25 -0.5 -0.0357143
-0.25 -0.5 0.0357143
-0.25 -0.5 0.107143
-0.25 -0.5 0.178571
-0.25 -0.5 0.25
-0.178571 -0.5 -0.25
-0.178571 -0.5 -0.178571
-0.178571 -0.5 -0.107143
-0.178571 -0.5 -0.0357143
-0.178571 -0.5 0.0357143
-0.178571 -0.5 0.107143
-0.178571 -0.5 0.178571
-0.178571 -0.5 0.25
-0.107143 -0.5 -0.25
-0.107143 -0.5 -0.178571
-0.107143 -0.5 -0.107143
-0.107143 -0.5 -0.0357143
-0.107143 -0.5 0.0357143
-0.107143 -0.5 0.107143
-0.107143 -0.5 0.178571
-0.107143 -0.5 0.25
-0.0357143 -0.5 -0.25
-0.0357143 -0.5 -0.178571
-0.0357143 -0.5 -0.107143
-0.0357143 -0.5 -0.0357143
-0.0357143 -0.5 0.0357143
-0.0357143 -0.5 0.107143
-0.0357143 -0.5 0.178571
-0.0357143 -0.5 0.25
0.0357143 -0.5 -0.25
0.0357143 -0.5 -0.178571
0.0357143 -0.5 -0.107143
0.0357143 -0.5 -0.0357143
0.0357143 -0.5 0.0357143
0.0357143 -0.5 0.107143
0.0357143 -0.5 0.178571
0.0357143 -0.5 0.25
0.107143 -0.5 -0.25
0.107143 -0.5 -0.178571
0.107143 -0.5 -0.107143
0.107143 -0.5 -0.0357143
0.107143 -0.5 0.0357143
0.107143 -0.5 0.107143
0.107143 -0.5 0.178571
0.107143 -0.5 0.25
0.178571 -0.5 -0.25
0.178571 -0.5 -0.178571
0.178571 -0.5 -0.107143
0.178571 -0.5 -0.0357143
0.178571 -0.5 0.0357143
0.178571 -0.5 0.107143
0.178571 -0.5 0.178571
0.178571 -0.5 0.25
0.25 -0.5 -0.25
0.25 -0.5 -0.178571
0.25 -0.5 -0.107143
0.25 -0.5 -0.0357143
0.25 -0.5 0.0357143
0.25 -0.5 0.107143
0.25 -0.5 0.178571
0.25 -0.5 0.25
