-0.25 0.5 -0.25
-0.25 0.5 -0.194444
-0.25 0.5 -0.138889
-0.25 0.5 -0.0833333
-0.25 0.5 -0.0277778
-0.25 0.5 0.0277778
-0.25 0.5 0.0833333
-0.25 0.5 0.138889
-0.25 0.5 0.194444
-0.25 0.5 0.25
-0.194444 0.5 -0.25
-0.194444 0.5 -0.194444
-0.194444 0.5 -0.138889
-0.194444 0.5 -0.0833333
-0.194444 0.5 -0.0277778
-0.194444 0.5 0.0277778
-0.194444 0.5 0.0833333
-0.194444 0.5 0.138889
-0.194444 0.5 0.194444
-0.194444 0.5 0.25
-0.138889 0.5 -0.25
-0.138889 0.5 -0.194444
-0.138889 0.5 -0.138889
-0.138889 0.5 -0.0833333
-0.138889 0.5 -0.0277778
-0.138889 0.5 0.0277778
-0.138889 0.5 0.0833333
-0.138889 0.5 0.138889
-0.138889 0.5 0.194444
-0.138889 0.5 0.25
-0.0833333 0.5 -0.25
-0.0833333 0.5 -0.194444
-0.0833333 0.5 -0.138889
-0.0833333 0.5 -0.0833333
-0.0833333 0.5 -0.0277778
-0.0833333 0.5 0.0277778
-0.0833333 0.5 0.0833333
-0.0833333 0.5 0.138889
-0.0833333 0.5 0.194444
-0.0833333 0.5 0.25
-0.0277778 0.5 -0.25
-0.0277778 0.5 -0.194444
-0.0277778 0.5 -0.138889
-0.0277778 0.5 -0.0833333
-0.0277778 0.5 -0.0277778
-0.0277778 0.5 0.0277778
-0.0277778 0.5 0.0833333
-0.0277778 0.5 0.138889
-0.0277778 0.5 0.194444
-0.0277778 0.5 0.25
0.0277778 0.5 -0.25
0.0277778 0.5 -0.194444
0.0277778 0.5 -0.138889
0.0277778 0.5 -0.0833333
0.0277778 0.5 -0.0277778
0.0277778 0.5 0.0277778
0.0277778 0.5 0.0833333
0.0277778 0.5 0.138889
0.0277778 0.5 0.194444
0.0277778 0.5 0.25
0.0833333 0.5 -0.25
0.0833333 0.5 -0.194444
0.0833333 0.5 -0.138889
0.0833333 0.5 -0.0833333
0.0833333 0.5 -0.0277778
0.0833333 0.5 0.0277778
0.0833333 0.5 0.0833333
0.0833333 0.5 0.138889
0.0833333 0.5 0.194444
0.0833333 0.5 0.25
0.138889 0.5 -0.25
0.138889 0.5 -0.194444
0.138889 0.5 -0.138889
0.138889 0.5 -0.0833333
0.138889 0.5 -0.0277778
0.138889 0.5 0.0277778
0.138889 0.5 0.0833333
0.138889 0.5 0.138889
0.138889 0.5 0.194444
0.138889 0.5 0.25
0.194444 0.5 -0.25
0.194444 0.5 -0.194444
0.194444 0.5 -0.138889
0.194444 0.5 -0.0833333
0.194444 0.5 -0.0277778
0.194444 0.5 0.0277778
0.194444 0.5 0.0833333
0.194444 0.5 0.138889
0.194444 0.5 0.194444
0.194444 0.5 0.25
0.25 0.5 -0.25
0.25 0.5 -0.194444
0.25 0.5 -0.138889
0.25 0.5 -0.0833333
0.25 0.5 -0.0277778
0.25 0.5 0.0277778
0.25 0.5 0.0833333
0.25 0.5 0.138889
0.25 0.5 0.194444
0.25 0.5 0.25
-0.25 0.447368 -0.25
-0.25 0.447368 -0.194444
-0.25 0.447368 -0.138889
-0.25 0.447368 -0.0833333
-0.25 0.447368 -0.0277778
-0.25 0.447368 0.0277778
-0.25 0.447368 0.0833333
-0.25 0.447368 0.138889
-0.25 0.447368 0.194444
-0.25 0.447368 0.25
-0.194444 0.447368 -0.25
-0.194444 0.447368 -0.194444
-0.194444 0.447368 -0.138889
-0.194444 0.447368 -0.0833333
-0.194444 0.447368 -0.0277778
-0.194444 0.447368 0.0277778
-0.194444 0.447368 0.0833333
-0.194444 0.447368 0.138889
-0.194444 0.447368 0.194444
-0.194444 0.447368 0.25
-0.138889 0.447368 -0.25
-0.138889 0.447368 -0.194444
-0.138889 0.447368 -0.138889
-0.138889 0.447368 -0.0833333
-0.138889 0.447368 -0.0277778
-0.138889 0.447368 0.0277778
-0.138889 0.447368 0.0833333
-0.138889 0.447368 0.138889
-0.138889 0.447368 0.194444
-0.138889 0.447368 0.25
-0.0833333 0.447368 -0.25
-0.0833333 0.447368 -0.194444
-0.0833333 0.447368 -0.138889
-0.0833333 0.447368 -0.0833333
-0.0833333 0.447368 -0.0277778
-0.0833333 0.447368 0.0277778
-0.0833333 0.447368 0.0833333
-0.0833333 0.447368 0.138889
-0.0833333 0.447368 0.194444
-0.0833333 0.447368 0.25
-0.0277778 0.447368 -0.25
-0.0277778 0.447368 -0.194444
-0.0277778 0.447368 -0.138889
-0.0277778 0.447368 -0.0833333
-0.0277778 0.447368 -0.0277778
-0.0277778 0.447368 0.0277778
-0.0277778 0.447368 0.0833333
-0.0277778 0.447368 0.138889
-0.0277778 0.447368 0.194444
-0.0277778 0.447368 0.25
0.0277778 0.447368 -0.25
0.0277778 0.447368 -0.194444
0.0277778 0.447368 -0.138889
0.0277778 0.447368 -0.0833333
0.0277778 0.447368 -0.0277778
0.0277778 0.447368 0.0277778
0.0277778 0.447368 0.0833333
0.0277778 0.447368 0.138889
0.0277778 0.447368 0.194444
0.0277778 0.447368 0.25
0.0833333 0.447368 -0.25
0.0833333 0.447368 -0.194444
0.0833333 0.447368 -0.138889
0.0833333 0.447368 -0.0833333
0.0833333 0.447368 -0.0277778
0.0833333 0.447368 0.0277778
0.0833333 0.447368 0.0833333
0.0833333 0.447368 0.138889
0.0833333 0.447368 0.194444
0.0833333 0.447368 0.25
0.138889 0.447368 -0.25
0.138889 0.447368 -0.194444
0.138889 0.447368 -0.138889
0.138889 0.447368 -0.0833333
0.138889 0.447368 -0.0277778
0.138889 0.447368 0.0277778
0.138889 0.447368 0.0833333
0.138889 0.447368 0.138889
0.138889 0.447368 0.194444
0.138889 0.447368 0.25
0.194444 0.447368 -0.25
0.194444 0.447368 -0.194444
0.194444 0.447368 -0.138889
0.194444 0.447368 -0.0833333
0.194444 0.447368 -0.0277778
0.194444 0.447368 0.0277778
0.194444 0.447368 0.0833333
0.194444 0.447368 0.138889
0.194444 0.447368 0.194444
0.194444 0.447368 0.25
0.25 0.447368 -0.25
0.25 0.447368 -0.194444
0.25 0.447368 -0.138889
0.25 0.447368 -0.0833333
0.25 0.447368 -0.0277778
0.25 0.447368 0.0277778
0.25 0.447368 0.0833333
0.25 0.447368 0.138889
0.25 0.447368 0.194444
0.25 0.447368 0.25
-0.25 0.394737 -0.25
-0.25 0.394737 -0.194444
-0.25 0.394737 -0.138889
-0.25 0.394737 -0.0833333
-0.25 0.394737 -0.0277778
-0.25 0.394737 0.0277778
-0.25 0.394737 0.0833333
-0.25 0.394737 0.138889
-0.25 0.394737 0.194444
-0.25 0.394737 0.25
-0.194444 0.394737 -0.25
-0.194444 0.394737 -0.194444
-0.194444 0.394737 -0.138889
-0.194444 0.394737 -0.0833333
-0.194444 0.394737 -0.0277778
-0.194444 0.394737 0.0277778
-0.194444 0.394737 0.0833333
-0.194444 0.394737 0.138889
-0.194444 0.394737 0.194444
-0.194444 0.394737 0.25
-0.138889 0.394737 -0.25
-0.138889 0.394737 -0.194444
-0.138889 0.394737 -0.138889
-0.138889 0.394737 -0.0833333
-0.138889 0.394737 -0.0277778
-0.138889 0.394737 0.0277778
-0.138889 0.394737 0.0833333
-0.138889 0.394737 0.138889
-0.138889 0.394737 0.194444
-0.138889 0.394737 0.25
-0.0833333 0.394737 -0.25
-0.0833333 0.394737 -0.194444
-0.0833333 0.394737 -0.138889
-0.0833333 0.394737 -0.0833333
-0.0833333 0.394737 -0.0277778
-0.0833333 0.394737 0.0277778
-0.0833333 0.394737 0.0833333
-0.0833333 0.394737 0.138889
-0.0833333 0.394737 0.194444
-0.0833333 0.394737 0.25
-0.0277778 0.394737 -0.25
-0.0277778 0.394737 -0.194444
-0.0277778 0.394737 -0.138889
-0.0277778 0.394737 -0.0833333
-0.0277778 0.394737 -0.0277778
-0.0277778 0.394737 0.0277778
-0.0277778 0.394737 0.0833333
-0.0277778 0.394737 0.138889
-0.0277778 0.394737 0.194444
-0.0277778 0.394737 0.25
0.0277778 0.394737 -0.25
0.0277778 0.394737 -0.194444
0.0277778 0.394737 -0.138889
0.0277778 0.394737 -0.0833333
0.0277778 0.394737 -0.0277778
0.0277778 0.394737 0.0277778
0.0277778 0.394737 0.0833333
0.0277778 0.394737 0.138889
0.0277778 0.394737 0.194444
0.0277778 0.394737 0.25
0.0833333 0.394737 -0.25
0.0833333 0.394737 -0.194444
0.0833333 0.394737 -0.138889
0.0833333 0.394737 -0.0833333
0.0833333 0.394737 -0.0277778
0.0833333 0.394737 0.0277778
0.0833333 0.394737 0.0833333
0.0833333 0.394737 0.138889
0.0833333 0.394737 0.194444
0.0833333 0.394737 0.25
0.138889 0.394737 -0.25
0.138889 0.394737 -0.194444
0.138889 0.394737 -0.138889
0.138889 0.394737 -0.0833333
0.138889 0.394737 -0.0277778
0.138889 0.394737 0.0277778
0.138889 0.394737 0.0833333
0.138889 0.394737 0.138889
0.138889 0.394737 0.194444
0.138889 0.394737 0.25
0.194444 0.394737 -0.25
0.194444 0.394737 -0.194444
0.194444 0.394737 -0.138889
0.194444 0.394737 -0.0833333
0.194444 0.394737 -0.0277778
0.194444 0.394737 0.0277778
0.194444 0.394737 0.0833333
0.194444 0.394737 0.138889
0.194444 0.394737 0.194444
0.194444 0.394737 0.25
0.25 0.394737 -0.25
0.25 0.394737 -0.194444
0.25 0.394737 -0.138889
0.25 0.394737 -0.0833333
0.25 0.394737 -0.0277778
0.25 0.394737 0.0277778
0.25 0.394737 0.0833333
0.25 0.394737 0.138889
0.25 0.394737 0.194444
0.25 0.394737 0.25
-0.25 0.342105 -0.25
-0.25 0.342105 -0.194444
-0.25 0.342105 -0.138889
-0.25 0.342105 -0.0833333
-0.25 0.342105 -0.0277778
-0.25 0.342105 0.0277778
-0.25 0.342105 0.0833333
-0.25 0.342105 0.138889
-0.25 0.342105 0.194444
-0.25 0.342105 0.25
-0.194444 0.342105 -0.25
-0.194444 0.342105 -0.194444
-0.194444 0.342105 -0.138889
-0.194444 0.342105 -0.0833333
-0.194444 0.342105 -0.0277778
-0.194444 0.342105 0.0277778
-0.194444 0.342105 0.0833333
-0.194444 0.342105 0.138889
-0.194444 0.342105 0.194444
-0.194444 0.342105 0.25
-0.138889 0.342105 -0.25
-0.138889 0.342105 -0.194444
-0.138889 0.342105 -0.138889
-0.138889 0.342105 -0.0833333
-0.138889 0.342105 -0.0277778
-0.138889 0.342105 0.0277778
-0.138889 0.342105 0.0833333
-0.138889 0.342105 0.138889
-0.138889 0.342105 0.194444
-0.138889 0.342105 0.25
-0.0833333 0.342105 -0.25
-0.0833333 0.342105 -0.194444
-0.0833333 0.342105 -0.138889
-0.0833333 0.342105 -0.0833333
-0.0833333 0.342105 -0.0277778
-0.0833333 0.342105 0.0277778
-0.0833333 0.342105 0.0833333
-0.0833333 0.342105 0.138889
-0.0833333 0.342105 0.194444
-0.0833333 0.342105 0.25
-0.0277778 0.342105 -0.25
-0.0277778 0.342105 -0.194444
-0.0277778 0.342105 -0.138889
-0.0277778 0.342105 -0.0833333
-0.0277778 0.342105 -0.0277778
-0.0277778 0.342105 0.0277778
-0.0277778 0.342105 0.0833333
-0.0277778 0.342105 0.138889
-0.0277778 0.342105 0.194444
-0.0277778 0.342105 0.25
0.0277778 0.342105 -0.25
0.0277778 0.342105 -0.194444
0.0277778 0.342105 -0.138889
0.0277778 0.342105 -0.0833333
0.0277778 0.342105 -0.0277778
0.0277778 0.342105 0.0277778
0.0277778 0.342105 0.0833333
0.0277778 0.342105 0.138889
0.0277778 0.342105 0.194444
0.0277778 0.342105 0.25
0.0833333 0.342105 -0.25
0.0833333 0.342105 -0.194444
0.0833333 0.342105 -0.138889
0.0833333 0.342105 -0.0833333
0.0833333 0.342105 -0.0277778
0.0833333 0.342105 0.0277778
0.0833333 0.342105 0.0833333
0.0833333 0.342105 0.138889
0.0833333 0.342105 0.194444
0.0833333 0.342105 0.25
0.138889 0.342105 -0.25
0.138889 0.342105 -0.194444
0.138889 0.342105 -0.138889
0.138889 0.342105 -0.0833333
0.138889 0.342105 -0.0277778
0.138889 0.342105 0.0277778
0.138889 0.342105 0.0833333
0.138889 0.342105 0.138889
0.138889 0.342105 0.194444
0.138889 0.342105 0.25
0.194444 0.342105 -0.25
0.194444 0.342105 -0.194444
0.194444 0.342105 -0.138889
0.194444 0.342105 -0.0833333
0.194444 0.342105 -0.0277778
0.194444 0.342105 0.0277778
0.194444 0.342105 0.0833333
0.194444 0.342105 0.138889
0.194444 0.342105 0.194444
0.194444 0.342105 0.25
0.25 0.342105 -0.25
0.25 0.342105 -0.194444
0.25 0.342105 -0.138889
0.25 0.342105 -0.0833333
0.25 0.342105 -0.0277778
0.25 0.342105 0.0277778
0.25 0.342105 0.0833333
0.25 0.342105 0.138889
0.25 0.342105 0.194444
0.25 0.342105 0.25
-0.25 0.289474 -0.25
-0.25 0.289474 -0.194444
-0.25 0.289474 -0.138889
-0.25 0.289474 -0.0833333
-0.25 0.289474 -0.0277778
-0.25 0.289474 0.0277778
-0.25 0.289474 0.0833333
-0.25 0.289474 0.138889
-0.25 0.289474 0.194444
-0.25 0.289474 0.25
-0.194444 0.289474 -0.25
-0.194444 0.289474 -0.194444
-0.194444 0.289474 -0.138889
-0.194444 0.289474 -0.0833333
-0.194444 0.289474 -0.0277778
-0.194444 0.289474 0.0277778
-0.194444 0.289474 0.0833333
-0.194444 0.289474 0.138889
-0.194444 0.289474 0.194444
-0.194444 0.289474 0.25
-0.138889 0.289474 -0.25
-0.138889 0.289474 -0.194444
-0.138889 0.289474 -0.138889
-0.138889 0.289474 -0.0833333
-0.138889 0.289474 -0.0277778
-0.138889 0.289474 0.0277778
-0.138889 0.289474 0.0833333
-0.138889 0.289474 0.138889
-0.138889 0.289474 0.194444
-0.138889 0.289474 0.25
-0.0833333 0.289474 -0.25
-0.0833333 0.289474 -0.194444
-0.0833333 0.289474 -0.138889
-0.0833333 0.289474 -0.0833333
-0.0833333 0.289474 -0.0277778
-0.0833333 0.289474 0.0277778
-0.0833333 0.289474 0.0833333
-0.0833333 0.289474 0.138889
-0.0833333 0.289474 0.194444
-0.0833333 0.289474 0.25
-0.0277778 0.289474 -0.25
-0.0277778 0.289474 -0.194444
-0.0277778 0.289474 -0.138889
-0.0277778 0.289474 -0.0833333
-0.0277778 0.289474 -0.0277778
-0.0277778 0.289474 0.0277778
-0.0277778 0.289474 0.0833333
-0.0277778 0.289474 0.138889
-0.0277778 0.289474 0.194444
-0.0277778 0.289474 0.25
0.0277778 0.289474 -0.25
0.0277778 0.289474 -0.194444
0.0277778 0.289474 -0.138889
0.0277778 0.289474 -0.0833333
0.0277778 0.289474 -0.0277778
0.0277778 0.289474 0.0277778
0.0277778 0.289474 0.0833333
0.0277778 0.289474 0.138889
0.0277778 0.289474 0.194444
0.0277778 0.289474 0.25
0.0833333 0.289474 -0.25
0.0833333 0.289474 -0.194444
0.0833333 0.289474 -0.138889
0.0833333 0.289474 -0.0833333
0.0833333 0.289474 -0.0277778
0.0833333 0.289474 0.0277778
0.0833333 0.289474 0.0833333
0.0833333 0.289474 0.138889
0.0833333 0.289474 0.194444
0.0833333 0.289474 0.25
0.138889 0.289474 -0.25
0.138889 0.289474 -0.194444
0.138889 0.289474 -0.138889
0.138889 0.289474 -0.0833333
0.138889 0.289474 -0.0277778
0.138889 0.289474 0.0277778
0.138889 0.289474 0.0833333
0.138889 0.289474 0.138889
0.138889 0.289474 0.194444
0.138889 0.289474 0.25
0.194444 0.289474 -0.25
0.194444 0.289474 -0.194444
0.194444 0.289474 -0.138889
0.194444 0.289474 -0.0833333
0.194444 0.289474 -0.0277778
0.194444 0.289474 0.0277778
0.194444 0.289474 0.0833333
0.194444 0.289474 0.138889
0.194444 0.289474 0.194444
0.194444 0.289474 0.25
0.25 0.289474 -0.25
0.25 0.289474 -0.194444
0.25 0.289474 -0.138889
0.25 0.289474 -0.0833333
0.25 0.289474 -0.0277778
0.25 0.289474 0.0277778
0.25 0.289474 0.0833333
0.25 0.289474 0.138889
0.25 0.289474 0.194444
0.25 0.289474 0.25
-0.25 0.236842 -0.25
-0.25 0.236842 -0.194444
-0.25 0.236842 -0.138889
-0.25 0.236842 -0.0833333
-0.25 0.236842 -0.0277778
-0.25 0.236842 0.0277778
-0.25 0.236842 0.0833333
-0.25 0.236842 0.138889
-0.25 0.236842 0.194444
-0.25 0.236842 0.25
-0.194444 0.236842 -0.25
-0.194444 0.236842 -0.194444
-0.194444 0.236842 -0.138889
-0.194444 0.236842 -0.0833333
-0.194444 0.236842 -0.0277778
-0.194444 0.236842 0.0277778
-0.194444 0.236842 0.0833333
-0.194444 0.236842 0.138889
-0.194444 0.236842 0.194444
-0.194444 0.236842 0.25
-0.138889 0.236842 -0.25
-0.138889 0.236842 -0.194444
-0.138889 0.236842 -0.138889
-0.138889 0.236842 -0.0833333
-0.138889 0.236842 -0.0277778
-0.138889 0.236842 0.0277778
-0.138889 0.236842 0.0833333
-0.138889 0.236842 0.138889
-0.138889 0.236842 0.194444
-0.138889 0.236842 0.25
-0.0833333 0.236842 -0.25
-0.0833333 0.236842 -0.194444
-0.0833333 0.236842 -0.138889
-0.0833333 0.236842 -0.0833333
-0.0833333 0.236842 -0.0277778
-0.0833333 0.236842 0.0277778
-0.0833333 0.236842 0.0833333
-0.0833333 0.236842 0.138889
-0.0833333 0.236842 0.194444
-0.0833333 0.236842 0.25
-0.0277778 0.236842 -0.25
-0.0277778 0.236842 -0.194444
-0.0277778 0.236842 -0.138889
-0.0277778 0.236842 -0.0833333
-0.0277778 0.236842 -0.0277778
-0.0277778 0.236842 0.0277778
-0.0277778 0.236842 0.0833333
-0.0277778 0.236842 0.138889
-0.0277778 0.236842 0.194444
-0.0277778 0.236842 0.25
0.0277778 0.236842 -0.25
0.0277778 0.236842 -0.194444
0.0277778 0.236842 -0.138889
0.0277778 0.236842 -0.0833333
0.0277778 0.236842 -0.0277778
0.0277778 0.236842 0.0277778
0.0277778 0.236842 0.0833333
0.0277778 0.236842 0.138889
0.0277778 0.236842 0.194444
0.0277778 0.236842 0.25
0.0833333 0.236842 -0.25
0.0833333 0.236842 -0.194444
0.0833333 0.236842 -0.138889
0.0833333 0.236842 -0.0833333
0.0833333 0.236842 -0.0277778
0.0833333 0.236842 0.0277778
0.0833333 0.236842 0.0833333
0.0833333 0.236842 0.138889
0.0833333 0.236842 0.194444
0.0833333 0.236842 0.25
0.138889 0.236842 -0.25
0.138889 0.236842 -0.194444
0.138889 0.236842 -0.138889
0.138889 0.236842 -0.0833333
0.138889 0.236842 -0.0277778
0.138889 0.236842 0.0277778
0.138889 0.236842 0.0833333
0.138889 0.236842 0.138889
0.138889 0.236842 0.194444
0.138889 0.236842 0.25
0.194444 0.236842 -0.25
0.194444 0.236842 -0.194444
0.194444 0.236842 -0.138889
0.194444 0.236842 -0.0833333
0.194444 0.236842 -0.0277778
0.194444 0.236842 0.0277778
0.194444 0.236842 0.0833333
0.194444 0.236842 0.138889
0.194444 0.236842 0.194444
0.194444 0.236842 0.25
0.25 0.236842 -0.25
0.25 0.236842 -0.194444
0.25 0.236842 -0.138889
0.25 0.236842 -0.0833333
0.25 0.236842 -0.0277778
0.25 0.236842 0.0277778
0.25 0.236842 0.0833333
0.25 0.236842 0.138889
0.25 0.236842 0.194444
0.25 0.236842 0.25
-0.25 0.184211 -0.25
-0.25 0.184211 -0.194444
-0.25 0.184211 -0.138889
-0.25 0.184211 -0.0833333
-0.25 0.184211 -0.0277778
-0.25 0.184211 0.0277778
-0.25 0.184211 0.0833333
-0.25 0.184211 0.138889
-0.25 0.184211 0.194444
-0.25 0.184211 0.25
-0.194444 0.184211 -0.25
-0.194444 0.184211 -0.194444
-0.194444 0.184211 -0.138889
-0.194444 0.184211 -0.0833333
-0.194444 0.184211 -0.0277778
-0.194444 0.184211 0.0277778
-0.194444 0.184211 0.0833333
-0.194444 0.184211 0.138889
-0.194444 0.184211 0.194444
-0.194444 0.184211 0.25
-0.138889 0.184211 -0.25
-0.138889 0.184211 -0.194444
-0.138889 0.184211 -0.138889
-0.138889 0.184211 -0.0833333
-0.138889 0.184211 -0.0277778
-0.138889 0.184211 0.0277778
-0.138889 0.184211 0.0833333
-0.138889 0.184211 0.138889
-0.138889 0.184211 0.194444
-0.138889 0.184211 0.25
-0.0833333 0.184211 -0.25
-0.0833333 0.184211 -0.194444
-0.0833333 0.184211 -0.138889
-0.0833333 0.184211 -0.0833333
-0.0833333 0.184211 -0.0277778
-0.0833333 0.184211 0.0277778
-0.0833333 0.184211 0.0833333
-0.0833333 0.184211 0.138889
-0.0833333 0.184211 0.194444
-0.0833333 0.184211 0.25
-0.0277778 0.184211 -0.25
-0.0277778 0.184211 -0.194444
-0.0277778 0.184211 -0.138889
-0.0277778 0.184211 -0.0833333
-0.0277778 0.184211 -0.0277778
-0.0277778 0.184211 0.0277778
-0.0277778 0.184211 0.0833333
-0.0277778 0.184211 0.138889
-0.0277778 0.184211 0.194444
-0.0277778 0.184211 0.25
0.0277778 0.184211 -0.25
0.0277778 0.184211 -0.194444
0.0277778 0.184211 -0.138889
0.0277778 0.184211 -0.0833333
0.0277778 0.184211 -0.0277778
0.0277778 0.184211 0.0277778
0.0277778 0.184211 0.0833333
0.0277778 0.184211 0.138889
0.0277778 0.184211 0.194444
0.0277778 0.184211 0.25
0.0833333 0.184211 -0.25
0.0833333 0.184211 -0.194444
0.0833333 0.184211 -0.138889
0.0833333 0.184211 -0.0833333
0.0833333 0.184211 -0.0277778
0.0833333 0.184211 0.0277778
0.0833333 0.184211 0.0833333
0.0833333 0.184211 0.138889
0.0833333 0.184211 0.194444
0.0833333 0.184211 0.25
0.138889 0.184211 -0.25
0.138889 0.184211 -0.194444
0.138889 0.184211 -0.138889
0.138889 0.184211 -0.0833333
0.138889 0.184211 -0.0277778
0.138889 0.184211 0.0277778
0.138889 0.184211 0.0833333
0.138889 0.184211 0.138889
0.138889 0.184211 0.194444
0.138889 0.184211 0.25
0.194444 0.184211 -0.25
0.194444 0.184211 -0.194444
0.194444 0.184211 -0.138889
0.194444 0.184211 -0.0833333
0.194444 0.184211 -0.0277778
0.194444 0.184211 0.0277778
0.194444 0.184211 0.0833333
0.194444 0.184211 0.138889
0.194444 0.184211 0.194444
0.194444 0.184211 0.25
0.25 0.184211 -0.25
0.25 0.184211 -0.194444
0.25 0.184211 -0.138889
0.25 0.184211 -0.0833333
0.25 0.184211 -0.0277778
0.25 0.184211 0.0277778
0.25 0.184211 0.0833333
0.25 0.184211 0.138889
0.25 0.184211 0.194444
0.25 0.184211 0.25
-0.25 0.131579 -0.25
-0.25 0.131579 -0.194444
-0.25 0.131579 -0.138889
-0.25 0.131579 -0.0833333
-0.25 0.131579 -0.0277778
-0.25 0.131579 0.0277778
-0.25 0.131579 0.0833333
-0.25 0.131579 0.138889
-0.25 0.131579 0.194444
-0.25 0.131579 0.25
-0.194444 0.131579 -0.25
-0.194444 0.131579 -0.194444
-0.194444 0.131579 -0.138889
-0.194444 0.131579 -0.0833333
-0.194444 0.131579 -0.0277778
-0.194444 0.131579 0.0277778
-0.194444 0.131579 0.0833333
-0.194444 0.131579 0.138889
-0.194444 0.131579 0.194444
-0.194444 0.131579 0.25
-0.138889 0.131579 -0.25
-0.138889 0.131579 -0.194444
-0.138889 0.131579 -0.138889
-0.138889 0.131579 -0.0833333
-0.138889 0.131579 -0.0277778
-0.138889 0.131579 0.0277778
-0.138889 0.131579 0.0833333
-0.138889 0.131579 0.138889
-0.138889 0.131579 0.194444
-0.138889 0.131579 0.25
-0.0833333 0.131579 -0.25
-0.0833333 0.131579 -0.194444
-0.0833333 0.131579 -0.138889
-0.0833333 0.131579 -0.0833333
-0.0833333 0.131579 -0.0277778
-0.0833333 0.131579 0.0277778
-0.0833333 0.131579 0.0833333
-0.0833333 0.131579 0.138889
-0.0833333 0.131579 0.194444
-0.0833333 0.131579 0.25
-0.0277778 0.131579 -0.25
-0.0277778 0.131579 -0.194444
-0.0277778 0.131579 -0.138889
-0.0277778 0.131579 -0.0833333
-0.0277778 0.131579 -0.0277778
-0.0277778 0.131579 0.0277778
-0.0277778 0.131579 0.0833333
-0.0277778 0.131579 0.138889
-0.0277778 0.131579 0.194444
-0.0277778 0.131579 0.25
0.0277778 0.131579 -0.25
0.0277778 0.131579 -0.194444
0.0277778 0.131579 -0.138889
0.0277778 0.131579 -0.0833333
0.0277778 0.131579 -0.0277778
0.0277778 0.131579 0.0277778
0.0277778 0.131579 0.0833333
0.0277778 0.131579 0.138889
0.0277778 0.131579 0.194444
0.0277778 0.131579 0.25
0.0833333 0.131579 -0.25
0.0833333 0.131579 -0.194444
0.0833333 0.131579 -0.138889
0.0833333 0.131579 -0.0833333
0.0833333 0.131579 -0.0277778
0.0833333 0.131579 0.0277778
0.0833333 0.131579 0.0833333
0.0833333 0.131579 0.138889
0.0833333 0.131579 0.194444
0.0833333 0.131579 0.25
0.138889 0.131579 -0.25
0.138889 0.131579 -0.194444
0.138889 0.131579 -0.138889
0.138889 0.131579 -0.0833333
0.138889 0.131579 -0.0277778
0.138889 0.131579 0.0277778
0.138889 0.131579 0.0833333
0.138889 0.131579 0.138889
0.138889 0.131579 0.194444
0.138889 0.131579 0.25
0.194444 0.131579 -0.25
0.194444 0.131579 -0.194444
0.194444 0.131579 -0.138889
0.194444 0.131579 -0.0833333
0.194444 0.131579 -0.0277778
0.194444 0.131579 0.0277778
0.194444 0.131579 0.0833333
0.194444 0.131579 0.138889
0.194444 0.131579 0.194444
0.194444 0.131579 0.25
0.25 0.131579 -0.25
0.25 0.131579 -0.194444
0.25 0.131579 -0.138889
0.25 0.131579 -0.0833333
0.25 0.131579 -0.0277778
0.25 0.131579 0.0277778
0.25 0.131579 0.0833333
0.25 0.131579 0.138889
0.25 0.131579 0.194444
0.25 0.131579 0.25
-0.25 0.0789474 -0.25
-0.25 0.0789474 -0.194444
-0.25 0.0789474 -0.138889
-0.25 0.0789474 -0.0833333
-0.25 0.0789474 -0.0277778
-0.25 0.0789474 0.0277778
-0.25 0.0789474 0.0833333
-0.25 0.0789474 0.138889
-0.25 0.0789474 0.194444
-0.25 0.0789474 0.25
-0.194444 0.0789474 -0.25
-0.194444 0.0789474 -0.194444
-0.194444 0.0789474 -0.138889
-0.194444 0.0789474 -0.0833333
-0.194444 0.0789474 -0.0277778
-0.194444 0.0789474 0.0277778
-0.194444 0.0789474 0.0833333
-0.194444 0.0789474 0.138889
-0.194444 0.0789474 0.194444
-0.194444 0.0789474 0.25
-0.138889 0.0789474 -0.25
-0.138889 0.0789474 -0.194444
-0.138889 0.0789474 -0.138889
-0.138889 0.0789474 -0.0833333
-0.138889 0.0789474 -0.0277778
-0.138889 0.0789474 0.0277778
-0.138889 0.0789474 0.0833333
-0.138889 0.0789474 0.138889
-0.138889 0.0789474 0.194444
-0.138889 0.0789474 0.25
-0.0833333 0.0789474 -0.25
-0.0833333 0.0789474 -0.194444
-0.0833333 0.0789474 -0.138889
-0.0833333 0.0789474 -0.0833333
-0.0833333 0.0789474 -0.0277778
-0.0833333 0.0789474 0.0277778
-0.0833333 0.0789474 0.0833333
-0.0833333 0.0789474 0.138889
-0.0833333 0.0789474 0.194444
-0.0833333 0.0789474 0.25
-0.0277778 0.0789474 -0.25
-0.0277778 0.0789474 -0.194444
-0.0277778 0.0789474 -0.138889
-0.0277778 0.0789474 -0.0833333
-0.0277778 0.0789474 -0.0277778
-0.0277778 0.0789474 0.0277778
-0.0277778 0.0789474 0.0833333
-0.0277778 0.0789474 0.138889
-0.0277778 0.0789474 0.194444
-0.0277778 0.0789474 0.25
0.0277778 0.0789474 -0.25
0.0277778 0.0789474 -0.194444
0.0277778 0.0789474 -0.138889
0.0277778 0.0789474 -0.0833333
0.0277778 0.0789474 -0.0277778
0.0277778 0.0789474 0.0277778
0.0277778 0.0789474 0.0833333
0.0277778 0.0789474 0.138889
0.0277778 0.0789474 0.194444
0.0277778 0.0789474 0.25
0.0833333 0.0789474 -0.25
0.0833333 0.0789474 -0.194444
0.0833333 0.0789474 -0.138889
0.0833333 0.0789474 -0.0833333
0.0833333 0.0789474 -0.0277778
0.0833333 0.0789474 0.0277778
0.0833333 0.0789474 0.0833333
0.0833333 0.0789474 0.138889
0.0833333 0.0789474 0.194444
0.0833333 0.0789474 0.25
0.138889 0.0789474 -0.25
0.138889 0.0789474 -0.194444
0.138889 0.0789474 -0.138889
0.138889 0.0789474 -0.0833333
0.138889 0.0789474 -0.0277778
0.138889 0.0789474 0.0277778
0.138889 0.0789474 0.0833333
0.138889 0.0789474 0.138889
0.138889 0.0789474 0.194444
0.138889 0.0789474 0.25
0.194444 0.0789474 -0.25
0.194444 0.0789474 -0.194444
0.194444 0.0789474 -0.138889
0.194444 0.0789474 -0.0833333
0.194444 0.0789474 -0.0277778
0.194444 0.0789474 0.0277778
0.194444 0.0789474 0.0833333
0.194444 0.0789474 0.138889
0.194444 0.0789474 0.194444
0.194444 0.0789474 0.25
0.25 0.0789474 -0.25
0.25 0.0789474 -0.194444
0.25 0.0789474 -0.138889
0.25 0.0789474 -0.0833333
0.25 0.0789474 -0.0277778
0.25 0.0789474 0.0277778
0.25 0.0789474 0.0833333
0.25 0.0789474 0.138889
0.25 0.0789474 0.194444
0.25 0.0789474 0.25
-0.25 0.0263158 -0.25
-0.25 0.0263158 -0.194444
-0.25 0.0263158 -0.138889
-0.25 0.0263158 -0.0833333
-0.25 0.0263158 -0.0277778
-0.25 0.0263158 0.0277778
-0.25 0.0263158 0.0833333
-0.25 0.0263158 0.138889
-0.25 0.0263158 0.194444
-0.25 0.0263158 0.25
-0.194444 0.0263158 -0.25
-0.194444 0.0263158 -0.194444
-0.194444 0.0263158 -0.138889
-0.194444 0.0263158 -0.0833333
-0.194444 0.0263158 -0.0277778
-0.194444 0.0263158 0.0277778
-0.194444 0.0263158 0.0833333
-0.194444 0.0263158 0.138889
-0.194444 0.0263158 0.194444
-0.194444 0.0263158 0.25
-0.138889 0.0263158 -0.25
-0.138889 0.0263158 -0.194444
-0.138889 0.0263158 -0.138889
-0.138889 0.0263158 -0.0833333
-0.138889 0.0263158 -0.0277778
-0.138889 0.0263158 0.0277778
-0.138889 0.0263158 0.0833333
-0.138889 0.0263158 0.138889
-0.138889 0.0263158 0.194444
-0.138889 0.0263158 0.25
-0.0833333 0.0263158 -0.25
-0.0833333 0.0263158 -0.194444
-0.0833333 0.0263158 -0.138889
-0.0833333 0.0263158 -0.0833333
-0.0833333 0.0263158 -0.0277778
-0.0833333 0.0263158 0.0277778
-0.0833333 0.0263158 0.0833333
-0.0833333 0.0263158 0.138889
-0.0833333 0.0263158 0.194444
-0.0833333 0.0263158 0.25
-0.0277778 0.0263158 -0.25
-0.0277778 0.0263158 -0.194444
-0.0277778 0.0263158 -0.138889
-0.0277778 0.0263158 -0.0833333
-0.0277778 0.0263158 -0.0277778
-0.0277778 0.0263158 0.0277778
-0.0277778 0.0263158 0.0833333
-0.0277778 0.0263158 0.138889
-0.0277778 0.0263158 0.194444
-0.0277778 0.0263158 0.25
0.0277778 0.0263158 -0.25
0.0277778 0.0263158 -0.194444
0.0277778 0.0263158 -0.138889
0.0277778 0.0263158 -0.0833333
0.0277778 0.0263158 -0.0277778
0.0277778 0.0263158 0.0277778
0.0277778 0.0263158 0.0833333
0.0277778 0.0263158 0.138889
0.0277778 0.0263158 0.194444
0.0277778 0.0263158 0.25
0.0833333 0.0263158 -0.25
0.0833333 0.0263158 -0.194444
0.0833333 0.0263158 -0.138889
0.0833333 0.0263158 -0.0833333
0.0833333 0.0263158 -0.0277778
0.0833333 0.0263158 0.0277778
0.0833333 0.0263158 0.0833333
0.0833333 0.0263158 0.138889
0.0833333 0.0263158 0.194444
0.0833333 0.0263158 0.25
0.138889 0.0263158 -0.25
0.138889 0.0263158 -0.194444
0.138889 0.0263158 -0.138889
0.138889 0.0263158 -0.0833333
0.138889 0.0263158 -0.0277778
0.138889 0.0263158 0.0277778
0.138889 0.0263158 0.0833333
0.138889 0.0263158 0.138889
0.138889 0.0263158 0.194444
0.138889 0.0263158 0.25
0.194444 0.0263158 -0.25
0.194444 0.0263158 -0.194444
0.194444 0.0263158 -0.138889
0.194444 0.0263158 -0.0833333
0.194444 0.0263158 -0.0277778
0.194444 0.0263158 0.0277778
0.194444 0.0263158 0.0833333
0.194444 0.0263158 0.138889
0.194444 0.0263158 0.194444
0.194444 0.0263158 0.25
0.25 0.0263158 -0.25
0.25 0.0263158 -0.194444
0.25 0.0263158 -0.138889
0.25 0.0263158 -0.0833333
0.25 0.0263158 -0.0277778
0.25 0.0263158 0.0277778
0.25 0.0263158 0.0833333
0.25 0.0263158 0.138889
0.25 0.0263158 0.194444
0.25 0.0263158 0.25
-0.25 -0.0263158 -0.25
-0.25 -0.0263158 -0.194444
-0.25 -0.0263158 -0.138889
-0.25 -0.0263158 -0.0833333
-0.25 -0.0263158 -0.0277778
-0.25 -0.0263158 0.0277778
-0.25 -0.0263158 0.0833333
-0.25 -0.0263158 0.138889
-0.25 -0.0263158 0.194444
-0.25 -0.0263158 0.25
-0.194444 -0.0263158 -0.25
-0.194444 -0.0263158 -0.194444
-0.194444 -0.0263158 -0.138889
-0.194444 -0.0263158 -0.0833333
-0.194444 -0.0263158 -0.0277778
-0.194444 -0.0263158 0.0277778
-0.194444 -0.0263158 0.0833333
-0.194444 -0.0263158 0.138889
-0.194444 -0.0263158 0.194444
-0.194444 -0.0263158 0.25
-0.138889 -0.0263158 -0.25
-0.138889 -0.0263158 -0.194444
-0.138889 -0.0263158 -0.138889
-0.138889 -0.0263158 -0.0833333
-0.138889 -0.0263158 -0.0277778
-0.138889 -0.0263158 0.0277778
-0.138889 -0.0263158 0.0833333
-0.138889 -0.0263158 0.138889
-0.138889 -0.0263158 0.194444
-0.138889 -0.0263158 0.25
-0.0833333 -0.0263158 -0.25
-0.0833333 -0.0263158 -0.194444
-0.0833333 -0.0263158 -0.138889
-0.0833333 -0.0263158 -0.0833333
-0.0833333 -0.0263158 -0.0277778
-0.0833333 -0.0263158 0.0277778
-0.0833333 -0.0263158 0.0833333
-0.0833333 -0.0263158 0.138889
-0.0833333 -0.0263158 0.194444
-0.0833333 -0.0263158 0.25
-0.0277778 -0.0263158 -0.25
-0.0277778 -0.0263158 -0.194444
-0.0277778 -0.0263158 -0.138889
-0.0277778 -0.0263158 -0.0833333
-0.0277778 -0.0263158 -0.0277778
-0.0277778 -0.0263158 0.0277778
-0.0277778 -0.0263158 0.0833333
-0.0277778 -0.0263158 0.138889
-0.0277778 -0.0263158 0.194444
-0.0277778 -0.0263158 0.25
0.0277778 -0.0263158 -0.25
0.0277778 -0.0263158 -0.194444
0.0277778 -0.0263158 -0.138889
0.0277778 -0.0263158 -0.0833333
0.0277778 -0.0263158 -0.0277778
0.0277778 -0.0263158 0.0277778
0.0277778 -0.0263158 0.0833333
0.0277778 -0.0263158 0.138889
0.0277778 -0.0263158 0.194444
0.0277778 -0.0263158 0.25
0.0833333 -0.0263158 -0.25
0.0833333 -0.0263158 -0.194444
0.0833333 -0.0263158 -0.138889
0.0833333 -0.0263158 -0.0833333
0.0833333 -0.0263158 -0.0277778
0.0833333 -0.0263158 0.0277778
0.0833333 -0.0263158 0.0833333
0.0833333 -0.0263158 0.138889
0.0833333 -0.0263158 0.194444
0.0833333 -0.0263158 0.25
0.138889 -0.0263158 -0.25
0.138889 -0.0263158 -0.194444
0.138889 -0.0263158 -0.138889
0.138889 -0.0263158 -0.0833333
0.138889 -0.0263158 -0.0277778
0.138889 -0.0263158 0.0277778
0.138889 -0.0263158 0.0833333
0.138889 -0.0263158 0.138889
0.138889 -0.0263158 0.194444
0.138889 -0.0263158 0.25
0.194444 -0.0263158 -0.25
0.194444 -0.0263158 -0.194444
0.194444 -0.0263158 -0.138889
0.194444 -0.0263158 -0.0833333
0.194444 -0.0263158 -0.0277778
0.194444 -0.0263158 0.0277778
0.194444 -0.0263158 0.0833333
0.194444 -0.0263158 0.138889
0.194444 -0.0263158 0.194444
0.194444 -0.0263158 0.25
0.25 -0.0263158 -0.25
0.25 -0.0263158 -0.194444
0.25 -0.0263158 -0.138889
0.25 -0.0263158 -0.0833333
0.25 -0.0263158 -0.0277778
0.25 -0.0263158 0.0277778
0.25 -0.0263158 0.0833333
0.25 -0.0263158 0.138889
0.25 -0.0263158 0.194444
0.25 -0.0263158 0.25
-0.25 -0.0789474 -0.25
-0.25 -0.0789474 -0.194444
-0.25 -0.0789474 -0.138889
-0.25 -0.0789474 -0.0833333
-0.25 -0.0789474 -0.0277778
-0.25 -0.0789474 0.0277778
-0.25 -0.0789474 0.0833333
-0.25 -0.0789474 0.138889
-0.25 -0.0789474 0.194444
-0.25 -0.0789474 0.25
-0.194444 -0.0789474 -0.25
-0.194444 -0.0789474 -0.194444
-0.194444 -0.0789474 -0.138889
-0.194444 -0.0789474 -0.0833333
-0.194444 -0.0789474 -0.0277778
-0.194444 -0.0789474 0.0277778
-0.194444 -0.0789474 0.0833333
-0.194444 -0.0789474 0.138889
-0.194444 -0.0789474 0.194444
-0.194444 -0.0789474 0.25
-0.138889 -0.0789474 -0.25
-0.138889 -0.0789474 -0.194444
-0.138889 -0.0789474 -0.138889
-0.138889 -0.0789474 -0.0833333
-0.138889 -0.0789474 -0.0277778
-0.138889 -0.0789474 0.0277778
-0.138889 -0.0789474 0.0833333
-0.138889 -0.0789474 0.138889
-0.138889 -0.0789474 0.194444
-0.138889 -0.0789474 0.25
-0.0833333 -0.0789474 -0.25
-0.0833333 -0.0789474 -0.194444
-0.0833333 -0.0789474 -0.138889
-0.0833333 -0.0789474 -0.0833333
-0.0833333 -0.0789474 -0.0277778
-0.0833333 -0.0789474 0.0277778
-0.0833333 -0.0789474 0.0833333
-0.0833333 -0.0789474 0.138889
-0.0833333 -0.0789474 0.194444
-0.0833333 -0.0789474 0.25
-0.0277778 -0.0789474 -0.25
-0.0277778 -0.0789474 -0.194444
-0.0277778 -0.0789474 -0.138889
-0.0277778 -0.0789474 -0.0833333
-0.0277778 -0.0789474 -0.0277778
-0.0277778 -0.0789474 0.0277778
-0.0277778 -0.0789474 0.0833333
-0.0277778 -0.0789474 0.138889
-0.0277778 -0.0789474 0.194444
-0.0277778 -0.0789474 0.25
0.0277778 -0.0789474 -0.25
0.0277778 -0.0789474 -0.194444
0.0277778 -0.0789474 -0.138889
0.0277778 -0.0789474 -0.0833333
0.0277778 -0.0789474 -0.0277778
0.0277778 -0.0789474 0.0277778
0.0277778 -0.0789474 0.0833333
0.0277778 -0.0789474 0.138889
0.0277778 -0.0789474 0.194444
0.0277778 -0.0789474 0.25
0.0833333 -0.0789474 -0.25
0.0833333 -0.0789474 -0.194444
0.0833333 -0.0789474 -0.138889
0.0833333 -0.0789474 -0.0833333
0.0833333 -0.0789474 -0.0277778
0.0833333 -0.0789474 0.0277778
0.0833333 -0.0789474 0.0833333
0.0833333 -0.0789474 0.138889
0.0833333 -0.0789474 0.194444
0.0833333 -0.0789474 0.25
0.138889 -0.0789474 -0.25
0.138889 -0.0789474 -0.194444
0.138889 -0.0789474 -0.138889
0.138889 -0.0789474 -0.0833333
0.138889 -0.0789474 -0.0277778
0.138889 -0.0789474 0.0277778
0.138889 -0.0789474 0.0833333
0.138889 -0.0789474 0.138889
0.138889 -0.0789474 0.194444
0.138889 -0.0789474 0.25
0.194444 -0.0789474 -0.25
0.194444 -0.0789474 -0.194444
0.194444 -0.0789474 -0.138889
0.194444 -0.0789474 -0.0833333
0.194444 -0.0789474 -0.0277778
0.194444 -0.0789474 0.0277778
0.194444 -0.0789474 0.0833333
0.194444 -0.0789474 0.138889
0.194444 -0.0789474 0.194444
0.194444 -0.0789474 0.25
0.25 -0.0789474 -0.25
0.25 -0.0789474 -0.194444
0.25 -0.0789474 -0.138889
0.25 -0.0789474 -0.0833333
0.25 -0.0789474 -0.0277778
0.25 -0.0789474 0.0277778
0.25 -0.0789474 0.0833333
0.25 -0.0789474 0.138889
0.25 -0.0789474 0.194444
0.25 -0.0789474 0.25
-0.25 -0.131579 -0.25
-0.25 -0.131579 -0.194444
-0.25 -0.131579 -0.138889
-0.25 -0.131579 -0.0833333
-0.25 -0.131579 -0.0277778
-0.25 -0.131579 0.0277778
-0.25 -0.131579 0.0833333
-0.25 -0.131579 0.138889
-0.25 -0.131579 0.194444
-0.25 -0.131579 0.25
-0.194444 -0.131579 -0.25
-0.194444 -0.131579 -0.194444
-0.194444 -0.131579 -0.138889
-0.194444 -0.131579 -0.0833333
-0.194444 -0.131579 -0.0277778
-0.194444 -0.131579 0.0277778
-0.194444 -0.131579 0.0833333
-0.194444 -0.131579 0.138889
-0.194444 -0.131579 0.194444
-0.194444 -0.131579 0.25
-0.138889 -0.131579 -0.25
-0.138889 -0.131579 -0.194444
-0.138889 -0.131579 -0.138889
-0.138889 -0.131579 -0.0833333
-0.138889 -0.131579 -0.0277778
-0.138889 -0.131579 0.0277778
-0.138889 -0.131579 0.0833333
-0.138889 -0.131579 0.138889
-0.138889 -0.131579 0.194444
-0.138889 -0.131579 0.25
-0.0833333 -0.131579 -0.25
-0.0833333 -0.131579 -0.194444
-0.0833333 -0.131579 -0.138889
-0.0833333 -0.131579 -0.0833333
-0.0833333 -0.131579 -0.0277778
-0.0833333 -0.131579 0.0277778
-0.0833333 -0.131579 0.0833333
-0.0833333 -0.131579 0.138889
-0.0833333 -0.131579 0.194444
-0.0833333 -0.131579 0.25
-0.0277778 -0.131579 -0.25
-0.0277778 -0.131579 -0.194444
-0.0277778 -0.131579 -0.138889
-0.0277778 -0.131579 -0.0833333
-0.0277778 -0.131579 -0.0277778
-0.0277778 -0.131579 0.0277778
-0.0277778 -0.131579 0.0833333
-0.0277778 -0.131579 0.138889
-0.0277778 -0.131579 0.194444
-0.0277778 -0.131579 0.25
0.0277778 -0.131579 -0.25
0.0277778 -0.131579 -0.194444
0.0277778 -0.131579 -0.138889
0.0277778 -0.131579 -0.0833333
0.0277778 -0.131579 -0.0277778
0.0277778 -0.131579 0.0277778
0.0277778 -0.131579 0.0833333
0.0277778 -0.131579 0.138889
0.0277778 -0.131579 0.194444
0.0277778 -0.131579 0.25
0.0833333 -0.131579 -0.25
0.0833333 -0.131579 -0.194444
0.0833333 -0.131579 -0.138889
0.0833333 -0.131579 -0.0833333
0.0833333 -0.131579 -0.0277778
0.0833333 -0.131579 0.0277778
0.0833333 -0.131579 0.0833333
0.0833333 -0.131579 0.138889
0.0833333 -0.131579 0.194444
0.0833333 -0.131579 0.25
0.138889 -0.131579 -0.25
0.138889 -0.131579 -0.194444
0.138889 -0.131579 -0.138889
0.138889 -0.131579 -0.0833333
0.138889 -0.131579 -0.0277778
0.138889 -0.131579 0.0277778
0.138889 -0.131579 0.0833333
0.138889 -0.131579 0.138889
0.138889 -0.131579 0.194444
0.138889 -0.131579 0.25
0.194444 -0.131579 -0.25
0.194444 -0.131579 -0.194444
0.194444 -0.131579 -0.138889
0.194444 -0.131579 -0.0833333
0.194444 -0.131579 -0.0277778
0.194444 -0.131579 0.0277778
0.194444 -0.131579 0.0833333
0.194444 -0.131579 0.138889
0.194444 -0.131579 0.194444
0.194444 -0.131579 0.25
0.25 -0.131579 -0.25
0.25 -0.131579 -0.194444
0.25 -0.131579 -0.138889
0.25 -0.131579 -0.0833333
0.25 -0.131579 -0.0277778
0.25 -0.131579 0.0277778
0.25 -0.131579 0.0833333
0.25 -0.131579 0.138889
0.25 -0.131579 0.194444
0.25 -0.131579 0.25
-0.25 -0.184211 -0.25
-0.25 -0.184211 -0.194444
-0.25 -0.184211 -0.138889
-0.25 -0.184211 -0.0833333
-0.25 -0.184211 -0.0277778
-0.25 -0.184211 0.0277778
-0.25 -0.184211 0.0833333
-0.25 -0.184211 0.138889
-0.25 -0.184211 0.194444
-0.25 -0.184211 0.25
-0.194444 -0.184211 -0.25
-0.194444 -0.184211 -0.194444
-0.194444 -0.184211 -0.138889
-0.194444 -0.184211 -0.0833333
-0.194444 -0.184211 -0.0277778
-0.194444 -0.184211 0.0277778
-0.194444 -0.184211 0.0833333
-0.194444 -0.184211 0.138889
-0.194444 -0.184211 0.194444
-0.194444 -0.184211 0.25
-0.138889 -0.184211 -0.25
-0.138889 -0.184211 -0.194444
-0.138889 -0.184211 -0.138889
-0.138889 -0.184211 -0.0833333
-0.138889 -0.184211 -0.0277778
-0.138889 -0.184211 0.0277778
-0.138889 -0.184211 0.0833333
-0.138889 -0.184211 0.138889
-0.138889 -0.184211 0.194444
-0.138889 -0.184211 0.25
-0.0833333 -0.184211 -0.25
-0.0833333 -0.184211 -0.194444
-0.0833333 -0.184211 -0.138889
-0.0833333 -0.184211 -0.0833333
-0.0833333 -0.184211 -0.0277778
-0.0833333 -0.184211 0.0277778
-0.0833333 -0.184211 0.0833333
-0.0833333 -0.184211 0.138889
-0.0833333 -0.184211 0.194444
-0.0833333 -0.184211 0.25
-0.0277778 -0.184211 -0.25
-0.0277778 -0.184211 -0.194444
-0.0277778 -0.184211 -0.138889
-0.0277778 -0.184211 -0.0833333
-0.0277778 -0.184211 -0.0277778
-0.0277778 -0.184211 0.0277778
-0.0277778 -0.184211 0.0833333
-0.0277778 -0.184211 0.138889
-0.0277778 -0.184211 0.194444
-0.0277778 -0.184211 0.25
0.0277778 -0.184211 -0.25
0.0277778 -0.184211 -0.194444
0.0277778 -0.184211 -0.138889
0.0277778 -0.184211 -0.0833333
0.0277778 -0.184211 -0.0277778
0.0277778 -0.184211 0.0277778
0.0277778 -0.184211 0.0833333
0.0277778 -0.184211 0.138889
0.0277778 -0.184211 0.194444
0.0277778 -0.184211 0.25
0.0833333 -0.184211 -0.25
0.0833333 -0.184211 -0.194444
0.0833333 -0.184211 -0.138889
0.0833333 -0.184211 -0.0833333
0.0833333 -0.184211 -0.0277778
0.0833333 -0.184211 0.0277778
0.0833333 -0.184211 0.0833333
0.0833333 -0.184211 0.138889
0.0833333 -0.184211 0.194444
0.0833333 -0.184211 0.25
0.138889 -0.184211 -0.25
0.138889 -0.184211 -0.194444
0.138889 -0.184211 -0.138889
0.138889 -0.184211 -0.0833333
0.138889 -0.184211 -0.0277778
0.138889 -0.184211 0.0277778
0.138889 -0.184211 0.0833333
0.138889 -0.184211 0.138889
0.138889 -0.184211 0.194444
0.138889 -0.184211 0.25
0.194444 -0.184211 -0.25
0.194444 -0.184211 -0.194444
0.194444 -0.184211 -0.138889
0.194444 -0.184211 -0.0833333
0.194444 -0.184211 -0.0277778
0.194444 -0.184211 0.0277778
0.194444 -0.184211 0.0833333
0.194444 -0.184211 0.138889
0.194444 -0.184211 0.194444
0.194444 -0.184211 0.25
0.25 -0.184211 -0.25
0.25 -0.184211 -0.194444
0.25 -0.184211 -0.138889
0.25 -0.184211 -0.0833333
0.25 -0.184211 -0.0277778
0.25 -0.184211 0.0277778
0.25 -0.184211 0.0833333
0.25 -0.184211 0.138889
0.25 -0.184211 0.194444
0.25 -0.184211 0.25
-0.25 -0.236842 -0.25
-0.25 -0.236842 -0.194444
-0.25 -0.236842 -0.138889
-0.25 -0.236842 -0.0833333
-0.25 -0.236842 -0.0277778
-0.25 -0.236842 0.0277778
-0.25 -0.236842 0.0833333
-0.25 -0.236842 0.138889
-0.25 -0.236842 0.194444
-0.25 -0.236842 0.25
-0.194444 -0.236842 -0.25
-0.194444 -0.236842 -0.194444
-0.194444 -0.236842 -0.138889
-0.194444 -0.236842 -0.0833333
-0.194444 -0.236842 -0.0277778
-0.194444 -0.236842 0.0277778
-0.194444 -0.236842 0.0833333
-0.194444 -0.236842 0.138889
-0.194444 -0.236842 0.194444
-0.194444 -0.236842 0.25
-0.138889 -0.236842 -0.25
-0.138889 -0.236842 -0.194444
-0.138889 -0.236842 -0.138889
-0.138889 -0.236842 -0.0833333
-0.138889 -0.236842 -0.0277778
-0.138889 -0.236842 0.0277778
-0.138889 -0.236842 0.0833333
-0.138889 -0.236842 0.138889
-0.138889 -0.236842 0.194444
-0.138889 -0.236842 0.25
-0.0833333 -0.236842 -0.25
-0.0833333 -0.236842 -0.194444
-0.0833333 -0.236842 -0.138889
-0.0833333 -0.236842 -0.0833333
-0.0833333 -0.236842 -0.0277778
-0.0833333 -0.236842 0.0277778
-0.0833333 -0.236842 0.0833333
-0.0833333 -0.236842 0.138889
-0.0833333 -0.236842 0.194444
-0.0833333 -0.236842 0.25
-0.0277778 -0.236842 -0.25
-0.0277778 -0.236842 -0.194444
-0.0277778 -0.236842 -0.138889
-0.0277778 -0.236842 -0.0833333
-0.0277778 -0.236842 -0.0277778
-0.0277778 -0.236842 0.0277778
-0.0277778 -0.236842 0.0833333
-0.0277778 -0.236842 0.138889
-0.0277778 -0.236842 0.194444
-0.0277778 -0.236842 0.25
0.0277778 -0.236842 -0.25
0.0277778 -0.236842 -0.194444
0.0277778 -0.236842 -0.138889
0.0277778 -0.236842 -0.0833333
0.0277778 -0.236842 -0.0277778
0.0277778 -0.236842 0.0277778
0.0277778 -0.236842 0.0833333
0.0277778 -0.236842 0.138889
0.0277778 -0.236842 0.194444
0.0277778 -0.236842 0.25
0.0833333 -0.236842 -0.25
0.0833333 -0.236842 -0.194444
0.0833333 -0.236842 -0.138889
0.0833333 -0.236842 -0.0833333
0.0833333 -0.236842 -0.0277778
0.0833333 -0.236842 0.0277778
0.0833333 -0.236842 0.0833333
0.0833333 -0.236842 0.138889
0.0833333 -0.236842 0.194444
0.0833333 -0.236842 0.25
0.138889 -0.236842 -0.25
0.138889 -0.236842 -0.194444
0.138889 -0.236842 -0.138889
0.138889 -0.236842 -0.0833333
0.138889 -0.236842 -0.0277778
0.138889 -0.236842 0.0277778
0.138889 -0.236842 0.0833333
0.138889 -0.236842 0.138889
0.138889 -0.236842 0.194444
0.138889 -0.236842 0.25
0.194444 -0.236842 -0.25
0.194444 -0.236842 -0.194444
0.194444 -0.236842 -0.138889
0.194444 -0.236842 -0.0833333
0.194444 -0.236842 -0.0277778
0.194444 -0.236842 0.0277778
0.194444 -0.236842 0.0833333
0.194444 -0.236842 0.138889
0.194444 -0.236842 0.194444
0.194444 -0.236842 0.25
0.25 -0.236842 -0.25
0.25 -0.236842 -0.194444
0.25 -0.236842 -0.138889
0.25 -0.236842 -0.0833333
0.25 -0.236842 -0.0277778
0.25 -0.236842 0.0277778
0.25 -0.236842 0.0833333
0.25 -0.236842 0.138889
0.25 -0.236842 0.194444
0.25 -0.236842 0.25
-0.25 -0.289474 -0.25
-0.25 -0.289474 -0.194444
-0.25 -0.289474 -0.138889
-0.25 -0.289474 -0.0833333
-0.25 -0.289474 -0.0277778
-0.25 -0.289474 0.0277778
-0.25 -0.289474 0.0833333
-0.25 -0.289474 0.138889
-0.25 -0.289474 0.194444
-0.25 -0.289474 0.25
-0.194444 -0.289474 -0.25
-0.194444 -0.289474 -0.194444
-0.194444 -0.289474 -0.138889
-0.194444 -0.289474 -0.0833333
-0.194444 -0.289474 -0.0277778
-0.194444 -0.289474 0.0277778
-0.194444 -0.289474 0.0833333
-0.194444 -0.289474 0.138889
-0.194444 -0.289474 0.194444
-0.194444 -0.289474 0.25
-0.138889 -0.289474 -0.25
-0.138889 -0.289474 -0.194444
-0.138889 -0.289474 -0.138889
-0.138889 -0.289474 -0.0833333
-0.138889 -0.289474 -0.0277778
-0.138889 -0.289474 0.0277778
-0.138889 -0.289474 0.0833333
-0.138889 -0.289474 0.138889
-0.138889 -0.289474 0.194444
-0.138889 -0.289474 0.25
-0.0833333 -0.289474 -0.25
-0.0833333 -0.289474 -0.194444
-0.0833333 -0.289474 -0.138889
-0.0833333 -0.289474 -0.0833333
-0.0833333 -0.289474 -0.0277778
-0.0833333 -0.289474 0.0277778
-0.0833333 -0.289474 0.0833333
-0.0833333 -0.289474 0.138889
-0.0833333 -0.289474 0.194444
-0.0833333 -0.289474 0.25
-0.0277778 -0.289474 -0.25
-0.0277778 -0.289474 -0.194444
-0.0277778 -0.289474 -0.138889
-0.0277778 -0.289474 -0.0833333
-0.0277778 -0.289474 -0.0277778
-0.0277778 -0.289474 0.0277778
-0.0277778 -0.289474 0.0833333
-0.0277778 -0.289474 0.138889
-0.0277778 -0.289474 0.194444
-0.0277778 -0.289474 0.25
0.0277778 -0.289474 -0.25
0.0277778 -0.289474 -0.194444
0.0277778 -0.289474 -0.138889
0.0277778 -0.289474 -0.0833333
0.0277778 -0.289474 -0.0277778
0.0277778 -0.289474 0.0277778
0.0277778 -0.289474 0.0833333
0.0277778 -0.289474 0.138889
0.0277778 -0.289474 0.194444
0.0277778 -0.289474 0.25
0.0833333 -0.289474 -0.25
0.0833333 -0.289474 -0.194444
0.0833333 -0.289474 -0.138889
0.0833333 -0.289474 -0.0833333
0.0833333 -0.289474 -0.0277778
0.0833333 -0.289474 0.0277778
0.0833333 -0.289474 0.0833333
0.0833333 -0.289474 0.138889
0.0833333 -0.289474 0.194444
0.0833333 -0.289474 0.25
0.138889 -0.289474 -0.25
0.138889 -0.289474 -0.194444
0.138889 -0.289474 -0.138889
0.138889 -0.289474 -0.0833333
0.138889 -0.289474 -0.0277778
0.138889 -0.289474 0.0277778
0.138889 -0.289474 0.0833333
0.138889 -0.289474 0.138889
0.138889 -0.289474 0.194444
0.138889 -0.289474 0.25
0.194444 -0.289474 -0.25
0.194444 -0.289474 -0.194444
0.194444 -0.289474 -0.138889
0.194444 -0.289474 -0.0833333
0.194444 -0.289474 -0.0277778
0.194444 -0.289474 0.0277778
0.194444 -0.289474 0.0833333
0.194444 -0.289474 0.138889
0.194444 -0.289474 0.194444
0.194444 -0.289474 0.25
0.25 -0.289474 -0.25
0.25 -0.289474 -0.194444
0.25 -0.289474 -0.138889
0.25 -0.289474 -0.0833333
0.25 -0.289474 -0.0277778
0.25 -0.289474 0.0277778
0.25 -0.289474 0.0833333
0.25 -0.289474 0.138889
0.25 -0.289474 0.194444
0.25 -0.289474 0.25
-0.25 -0.342105 -0.25
-0.25 -0.342105 -0.194444
-0.25 -0.342105 -0.138889
-0.25 -0.342105 -0.0833333
-0.25 -0.342105 -0.0277778
-0.25 -0.342105 0.0277778
-0.25 -0.342105 0.0833333
-0.25 -0.342105 0.138889
-0.25 -0.342105 0.194444
-0.25 -0.342105 0.25
-0.194444 -0.342105 -0.25
-0.194444 -0.342105 -0.194444
-0.194444 -0.342105 -0.138889
-0.194444 -0.342105 -0.0833333
-0.194444 -0.342105 -0.0277778
-0.194444 -0.342105 0.0277778
-0.194444 -0.342105 0.0833333
-0.194444 -0.342105 0.138889
-0.194444 -0.342105 0.194444
-0.194444 -0.342105 0.25
-0.138889 -0.342105 -0.25
-0.138889 -0.342105 -0.194444
-0.138889 -0.342105 -0.138889
-0.138889 -0.342105 -0.0833333
-0.138889 -0.342105 -0.0277778
-0.138889 -0.342105 0.0277778
-0.138889 -0.342105 0.0833333
-0.138889 -0.342105 0.138889
-0.138889 -0.342105 0.194444
-0.138889 -0.342105 0.25
-0.0833333 -0.342105 -0.25
-0.0833333 -0.342105 -0.194444
-0.0833333 -0.342105 -0.138889
-0.0833333 -0.342105 -0.0833333
-0.0833333 -0.342105 -0.0277778
-0.0833333 -0.342105 0.0277778
-0.0833333 -0.342105 0.0833333
-0.0833333 -0.342105 0.138889
-0.0833333 -0.342105 0.194444
-0.0833333 -0.342105 0.25
-0.0277778 -0.342105 -0.25
-0.0277778 -0.342105 -0.194444
-0.0277778 -0.342105 -0.138889
-0.0277778 -0.342105 -0.0833333
-0.0277778 -0.342105 -0.0277778
-0.0277778 -0.342105 0.0277778
-0.0277778 -0.342105 0.0833333
-0.0277778 -0.342105 0.138889
-0.0277778 -0.342105 0.194444
-0.0277778 -0.342105 0.25
0.0277778 -0.342105 -0.25
0.0277778 -0.342105 -0.194444
0.0277778 -0.342105 -0.138889
0.0277778 -0.342105 -0.0833333
0.0277778 -0.342105 -0.0277778
0.0277778 -0.342105 0.0277778
0.0277778 -0.342105 0.0833333
0.0277778 -0.342105 0.138889
0.0277778 -0.342105 0.194444
0.0277778 -0.342105 0.25
0.0833333 -0.342105 -0.25
0.0833333 -0.342105 -0.194444
0.0833333 -0.342105 -0.138889
0.0833333 -0.342105 -0.0833333
0.0833333 -0.342105 -0.0277778
0.0833333 -0.342105 0.0277778
0.0833333 -0.342105 0.0833333
0.0833333 -0.342105 0.138889
0.0833333 -0.342105 0.194444
0.0833333 -0.342105 0.25
0.138889 -0.342105 -0.25
0.138889 -0.342105 -0.194444
0.138889 -0.342105 -0.138889
0.138889 -0.342105 -0.0833333
0.138889 -0.342105 -0.0277778
0.138889 -0.342105 0.0277778
0.138889 -0.342105 0.0833333
0.138889 -0.342105 0.138889
0.138889 -0.342105 0.194444
0.138889 -0.342105 0.25
0.194444 -0.342105 -0.25
0.194444 -0.342105 -0.194444
0.194444 -0.342105 -0.138889
0.194444 -0.342105 -0.0833333
0.194444 -0.342105 -0.0277778
0.194444 -0.342105 0.0277778
0.194444 -0.342105 0.0833333
0.194444 -0.342105 0.138889
0.194444 -0.342105 0.194444
0.194444 -0.342105 0.25
0.25 -0.342105 -0.25
0.25 -0.342105 -0.194444
0.25 -0.342105 -0.138889
0.25 -0.342105 -0.0833333
0.25 -0.342105 -0.0277778
0.25 -0.342105 0.0277778
0.25 -0.342105 0.0833333
0.25 -0.342105 0.138889
0.25 -0.342105 0.194444
0.25 -0.342105 0.25
-0.25 -0.394737 -0.25
-0.25 -0.394737 -0.194444
-0.25 -0.394737 -0.138889
-0.25 -0.394737 -0.0833333
-0.25 -0.394737 -0.0277778
-0.25 -0.394737 0.0277778
-0.25 -0.394737 0.0833333
-0.25 -0.394737 0.138889
-0.25 -0.394737 0.194444
-0.25 -0.394737 0.25
-0.194444 -0.394737 -0.25
-0.194444 -0.394737 -0.194444
-0.194444 -0.394737 -0.138889
-0.194444 -0.394737 -0.0833333
-0.194444 -0.394737 -0.0277778
-0.194444 -0.394737 0.0277778
-0.194444 -0.394737 0.0833333
-0.194444 -0.394737 0.138889
-0.194444 -0.394737 0.194444
-0.194444 -0.394737 0.25
-0.138889 -0.394737 -0.25
-0.138889 -0.394737 -0.194444
-0.138889 -0.394737 -0.138889
-0.138889 -0.394737 -0.0833333
-0.138889 -0.394737 -0.0277778
-0.138889 -0.394737 0.0277778
-0.138889 -0.394737 0.0833333
-0.138889 -0.394737 0.138889
-0.138889 -0.394737 0.194444
-0.138889 -0.394737 0.25
-0.0833333 -0.394737 -0.25
-0.0833333 -0.394737 -0.194444
-0.0833333 -0.394737 -0.138889
-0.0833333 -0.394737 -0.0833333
-0.0833333 -0.394737 -0.0277778
-0.0833333 -0.394737 0.0277778
-0.0833333 -0.394737 0.0833333
-0.0833333 -0.394737 0.138889
-0.0833333 -0.394737 0.194444
-0.0833333 -0.394737 0.25
-0.0277778 -0.394737 -0.25
-0.0277778 -0.394737 -0.194444
-0.0277778 -0.394737 -0.138889
-0.0277778 -0.394737 -0.0833333
-0.0277778 -0.394737 -0.0277778
-0.0277778 -0.394737 0.0277778
-0.0277778 -0.394737 0.0833333
-0.0277778 -0.394737 0.138889
-0.0277778 -0.394737 0.194444
-0.0277778 -0.394737 0.25
0.0277778 -0.394737 -0.25
0.0277778 -0.394737 -0.194444
0.0277778 -0.394737 -0.138889
0.0277778 -0.394737 -0.0833333
0.0277778 -0.394737 -0.0277778
0.0277778 -0.394737 0.0277778
0.0277778 -0.394737 0.0833333
0.0277778 -0.394737 0.138889
0.0277778 -0.394737 0.194444
0.0277778 -0.394737 0.25
0.0833333 -0.394737 -0.25
0.0833333 -0.394737 -0.194444
0.0833333 -0.394737 -0.138889
0.0833333 -0.394737 -0.0833333
0.0833333 -0.394737 -0.0277778
0.0833333 -0.394737 0.0277778
0.0833333 -0.394737 0.0833333
0.0833333 -0.394737 0.138889
0.0833333 -0.394737 0.194444
0.0833333 -0.394737 0.25
0.138889 -0.394737 -0.25
0.138889 -0.394737 -0.194444
0.138889 -0.394737 -0.138889
0.138889 -0.394737 -0.0833333
0.138889 -0.394737 -0.0277778
0.138889 -0.394737 0.0277778
0.138889 -0.394737 0.0833333
0.138889 -0.394737 0.138889
0.138889 -0.394737 0.194444
0.138889 -0.394737 0.25
0.194444 -0.394737 -0.25
0.194444 -0.394737 -0.194444
0.194444 -0.394737 -0.138889
0.194444 -0.394737 -0.0833333
0.194444 -0.394737 -0.0277778
0.194444 -0.394737 0.0277778
0.194444 -0.394737 0.0833333
0.194444 -0.394737 0.138889
0.194444 -0.394737 0.194444
0.194444 -0.394737 0.25
0.25 -0.394737 -0.25
0.25 -0.394737 -0.194444
0.25 -0.394737 -0.138889
0.25 -0.394737 -0.0833333
0.25 -0.394737 -0.0277778
0.25 -0.394737 0.0277778
0.25 -0.394737 0.0833333
0.25 -0.394737 0.138889
0.25 -0.394737 0.194444
0.25 -0.394737 0.25
-0.25 -0.447368 -0.25
-0.25 -0.447368 -0.194444
-0.25 -0.447368 -0.138889
-0.25 -0.447368 -0.0833333
-0.25 -0.447368 -0.0277778
-0.25 -0.447368 0.0277778
-0.25 -0.447368 0.0833333
-0.25 -0.447368 0.138889
-0.25 -0.447368 0.194444
-0.25 -0.447368 0.25
-0.194444 -0.447368 -0.25
-0.194444 -0.447368 -0.194444
-0.194444 -0.447368 -0.138889
-0.194444 -0.447368 -0.0833333
-0.194444 -0.447368 -0.0277778
-0.194444 -0.447368 0.0277778
-0.194444 -0.447368 0.0833333
-0.194444 -0.447368 0.138889
-0.194444 -0.447368 0.194444
-0.194444 -0.447368 0.25
-0.138889 -0.447368 -0.25
-0.138889 -0.447368 -0.194444
-0.138889 -0.447368 -0.138889
-0.138889 -0.447368 -0.0833333
-0.138889 -0.447368 -0.0277778
-0.138889 -0.447368 0.0277778
-0.138889 -0.447368 0.0833333
-0.138889 -0.447368 0.138889
-0.138889 -0.447368 0.194444
-0.138889 -0.447368 0.25
-0.0833333 -0.447368 -0.25
-0.0833333 -0.447368 -0.194444
-0.0833333 -0.447368 -0.138889
-0.0833333 -0.447368 -0.0833333
-0.0833333 -0.447368 -0.0277778
-0.0833333 -0.447368 0.0277778
-0.0833333 -0.447368 0.0833333
-0.0833333 -0.447368 0.138889
-0.0833333 -0.447368 0.194444
-0.0833333 -0.447368 0.25
-0.0277778 -0.447368 -0.25
-0.0277778 -0.447368 -0.194444
-0.0277778 -0.447368 -0.138889
-0.0277778 -0.447368 -0.0833333
-0.0277778 -0.447368 -0.0277778
-0.0277778 -0.447368 0.0277778
-0.0277778 -0.447368 0.0833333
-0.0277778 -0.447368 0.138889
-0.0277778 -0.447368 0.194444
-0.0277778 -0.447368 0.25
0.0277778 -0.447368 -0.25
0.0277778 -0.447368 -0.194444
0.0277778 -0.447368 -0.138889
0.0277778 -0.447368 -0.0833333
0.0277778 -0.447368 -0.0277778
0.0277778 -0.447368 0.0277778
0.0277778 -0.447368 0.0833333
0.0277778 -0.447368 0.138889
0.0277778 -0.447368 0.194444
0.0277778 -0.447368 0.25
0.0833333 -0.447368 -0.25
0.0833333 -0.447368 -0.194444
0.0833333 -0.447368 -0.138889
0.0833333 -0.447368 -0.0833333
0.0833333 -0.447368 -0.0277778
0.0833333 -0.447368 0.0277778
0.0833333 -0.447368 0.0833333
0.0833333 -0.447368 0.138889
0.0833333 -0.447368 0.194444
0.0833333 -0.447368 0.25
0.138889 -0.447368 -0.25
0.138889 -0.447368 -0.194444
0.138889 -0.447368 -0.138889
0.138889 -0.447368 -0.0833333
0.138889 -0.447368 -0.0277778
0.138889 -0.447368 0.0277778
0.138889 -0.447368 0.0833333
0.138889 -0.447368 0.138889
0.138889 -0.447368 0.194444
0.138889 -0.447368 0.25
0.194444 -0.447368 -0.25
0.194444 -0.447368 -0.194444
0.194444 -0.447368 -0.138889
0.194444 -0.447368 -0.0833333
0.194444 -0.447368 -0.0277778
0.194444 -0.447368 0.0277778
0.194444 -0.447368 0.0833333
0.194444 -0.447368 0.138889
0.194444 -0.447368 0.194444
0.194444 -0.447368 0.25
0.25 -0.447368 -0.25
0.25 -0.447368 -0.194444
0.25 -0.447368 -0.138889
0.25 -0.447368 -0.0833333
0.25 -0.447368 -0.0277778
0.25 -0.447368 0.0277778
0.25 -0.447368 0.0833333
0.25 -0.447368 0.138889
0.25 -0.447368 0.194444
0.25 -0.447368 0.25
-0.25 -0.5 -0.25
-0.25 -0.5 -0.194444
-0.25 -0.5 -0.138889
-0.25 -0.5 -0.0833333
-0.25 -0.5 -0.0277778
-0.25 -0.5 0.0277778
-0.25 -0.5 0.0833333
-0.25 -0.5 0.138889
-0.25 -0.5 0.194444
-0.25 -0.5 0.25
-0.194444 -0.5 -0.25
-0.194444 -0.5 -0.194444
-0.194444 -0.5 -0.138889
-0.194444 -0.5 -0.0833333
-0.194444 -0.5 -0.0277778
-0.194444 -0.5 0.0277778
-0.194444 -0.5 0.0833333
-0.194444 -0.5 0.138889
-0.194444 -0.5 0.194444
-0.194444 -0.5 0.25
-0.138889 -0.5 -0.25
-0.138889 -0.5 -0.194444
-0.138889 -0.5 -0.138889
-0.138889 -0.5 -0.0833333
-0.138889 -0.5 -0.0277778
-0.138889 -0.5 0.0277778
-0.138889 -0.5 0.0833333
-0.138889 -0.5 0.138889
-0.138889 -0.5 0.194444
-0.138889 -0.5 0.25
-0.0833333 -0.5 -0.25
-0.0833333 -0.5 -0.194444
-0.0833333 -0.5 -0.138889
-0.0833333 -0.5 -0.0833333
-0.0833333 -0.5 -0.0277778
-0.0833333 -0.5 0.0277778
-0.0833333 -0.5 0.0833333
-0.0833333 -0.5 0.138889
-0.0833333 -0.5 0.194444
-0.0833333 -0.5 0.25
-0.0277778 -0.5 -0.25
-0.0277778 -0.5 -0.194444
-0.0277778 -0.5 -0.138889
-0.0277778 -0.5 -0.0833333
-0.0277778 -0.5 -0.0277778
-0.0277778 -0.5 0.0277778
-0.0277778 -0.5 0.0833333
-0.0277778 -0.5 0.138889
-0.0277778 -0.5 0.194444
-0.0277778 -0.5 0.25
0.0277778 -0.5 -0.25
0.0277778 -0.5 -0.194444
0.0277778 -0.5 -0.138889
0.0277778 -0.5 -0.0833333
0.0277778 -0.5 -0.0277778
0.0277778 -0.5 0.0277778
0.0277778 -0.5 0.0833333
0.0277778 -0.5 0.138889
0.0277778 -0.5 0.194444
0.0277778 -0.5 0.25
0.0833333 -0.5 -0.25
0.0833333 -0.5 -0.194444
0.0833333 -0.5 -0.138889
0.0833333 -0.5 -0.0833333
0.0833333 -0.5 -0.0277778
0.0833333 -0.5 0.0277778
0.0833333 -0.5 0.0833333
0.0833333 -0.5 0.138889
0.0833333 -0.5 0.194444
0.0833333 -0.5 0.25
0.138889 -0.5 -0.25
0.138889 -0.5 -0.194444
0.138889 -0.5 -0.138889
0.138889 -0.5 -0.0833333
0.138889 -0.5 -0.0277778
0.138889 -0.5 0.0277778
0.138889 -0.5 0.0833333
0.138889 -0.5 0.138889
0.138889 -0.5 0.194444
0.138889 -0.5 0.25
0.194444 -0.5 -0.25
0.194444 -0.5 -0.194444
0.194444 -0.5 -0.138889
0.194444 -0.5 -0.0833333
0.194444 -0.5 -0.0277778
0.194444 -0.5 0.0277778
0.194444 -0.5 0.0833333
0.194444 -0.5 0.138889
0.194444 -0.5 0.194444
0.194444 -0.5 0.25
0.25 -0.5 -0.25
0.25 -0.5 -0.194444
0.25 -0.5 -0.138889
0.25 -0.5 -0.0833333
0.25 -0.5 -0.0277778
0.25 -0.5 0.0277778
0.25 -0.5 0.0833333
0.25 -0.5 0.138889
0.25 -0.5 0.194444
0.25 -0.5 0.25