-0.25 -0.5 -0.25
-0.25 -0.5 -0.166667
-0.25 -0.5 -0.0833333
-0.25 -0.5 0
-0.25 -0.5 0.0833333
-0.25 -0.5 0.166667
-0.25 -0.5 0.25
-0.25 -0.423077 -0.25
-0.25 -0.423077 -0.166667
-0.25 -0.423077 -0.0833333
-0.25 -0.423077 0
-0.25 -0.423077 0.0833333
-0.25 -0.423077 0.166667
-0.25 -0.423077 0.25
-0.25 -0.346154 -0.25
-0.25 -0.346154 -0.166667
-0.25 -0.346154 -0.0833333
-0.25 -0.346154 0
-0.25 -0.346154 0.0833333
-0.25 -0.346154 0.166667
-0.25 -0.346154 0.25
-0.25 -0.269231 -0.25
-0.25 -0.269231 -0.166667
-0.25 -0.269231 -0.0833333
-0.25 -0.269231 0
-0.25 -0.269231 0.0833333
-0.25 -0.269231 0.166667
-0.25 -0.269231 0.25
-0.25 -0.192308 -0.25
-0.25 -0.192308 -0.166667
-0.25 -0.192308 -0.0833333
-0.25 -0.192308 0
-0.25 -0.192308 0.0833333
-0.25 -0.192308 0.166667
-0.25 -0.192308 0.25
-0.25 -0.115385 -0.25
-0.25 -0.115385 -0.166667
-0.25 -0.115385 -0.0833333
-0.25 -0.115385 0
-0.25 -0.115385 0.0833333
-0.25 -0.115385 0.166667
-0.25 -0.115385 0.25
-0.25 -0.0384615 -0.25
-0.25 -0.0384615 -0.166667
-0.25 -0.0384615 -0.0833333
-0.25 -0.0384615 0
-0.25 -0.0384615 0.0833333
-0.25 -0.0384615 0.166667
-0.25 -0.0384615 0.25
-0.25 0.0384615 -0.25
-0.25 0.0384615 -0.166667
-0.25 0.0384615 -0.0833333
-0.25 0.0384615 0
-0.25 0.0384615 0.0833333
-0.25 0.0384615 0.166667
-0.25 0.0384615 0.25
-0.25 0.115385 -0.25
-0.25 0.115385 -0.166667
-0.25 0.115385 -0.0833333
-0.25 0.115385 0
-0.25 0.115385 0.0833333
-0.25 0.115385 0.166667
-0.25 0.115385 0.25
-0.25 0.192308 -0.25
-0.25 0.192308 -0.166667
-0.25 0.192308 -0.0833333
-0.25 0.192308 0
-0.25 0.192308 0.0833333
-0.25 0.192308 0.166667
-0.25 0.192308 0.25
-0.25 0.269231 -0.25
-0.25 0.269231 -0.166667
-0.25 0.269231 -0.0833333
-0.25 0.269231 0
-0.25 0.269231 0.0833333
-0.25 0.269231 0.166667
-0.25 0.269231 0.25
-0.25 0.346154 -0.25
-0.25 0.346154 -0.166667
-0.25 0.346154 -0.0833333
-0.25 0.346154 0
-0.25 0.346154 0.0833333
-0.25 0.346154 0.166667
-0.25 0.346154 0.25
-0.25 0.423077 -0.25
-0.25 0.423077 -0.166667
-0.25 0.423077 -0.0833333
-0.25 0.423077 0
-0.25 0.423077 0.0833333
-0.25 0.423077 0.166667
-0.25 0.423077 0.25
-0.25 0.5 -0.25
-0.25 0.5 -0.166667
-0.25 0.5 -0.0833333
-0.25 0.5 0
-0.25 0.5 0.0833333
-0.25 0.5 0.166667
-0.25 0.5 0.25
-0.166667 -0.5 -0.25
-0.166667 -0.5 -0.166667
-0.166667 -0.5 -0.0833333
-0.166667 -0.5 0
-0.166667 -0.5 0.0833333
-0.166667 -0.5 0.166667
-0.166667 -0.5 0.25
-0.166667 -0.423077 -0.25
-0.166667 -0.423077 -0.166667
-0.166667 -0.423077 -0.0833333
-0.166667 -0.423077 0
-0.166667 -0.423077 0.0833333
-0.166667 -0.423077 0.166667
-0.166667 -0.423077 0.25
-0.166667 -0.346154 -0.25
-0.166667 -0.346154 -0.166667
-0.166667 -0.346154 -0.0833333
-0.166667 -0.346154 0
-0.166667 -0.346154 0.0833333
-0.166667 -0.346154 0.166667
-0.166667 -0.346154 0.25
-0.166667 -0.269231 -0.25
-0.166667 -0.269231 -0.166667
-0.166667 -0.269231 -0.0833333
-0.166667 -0.269231 0
-0.166667 -0.269231 0.0833333
-0.166667 -0.269231 0.166667
-0.166667 -0.269231 0.25
-0.166667 -0.192308 -0.25
-0.166667 -0.192308 -0.166667
-0.166667 -0.192308 -0.0833333
-0.166667 -0.192308 0
-0.166667 -0.192308 0.0833333
-0.166667 -0.192308 0.166667
-0.166667 -0.192308 0.25
-0.166667 -0.115385 -0.25
-0.166667 -0.115385 -0.166667
-0.166667 -0.115385 -0.0833333
-0.166667 -0.115385 0
-0.166667 -0.115385 0.0833333
-0.166667 -0.115385 0.166667
-0.166667 -0.115385 0.25
-0.166667 -0.0384615 -0.25
-0.166667 -0.0384615 -0.166667
-0.166667 -0.0384615 -0.0833333
-0.166667 -0.0384615 0
-0.166667 -0.0384615 0.0833333
-0.166667 -0.0384615 0.166667
-0.166667 -0.0384615 0.25
-0.166667 0.0384615 -0.25
-0.166667 0.0384615 -0.166667
-0.166667 0.0384615 -0.0833333
-0.166667 0.0384615 0
-0.166667 0.0384615 0.0833333
-0.166667 0.0384615 0.166667
-0.166667 0.0384615 0.25
-0.166667 0.115385 -0.25
-0.166667 0.115385 -0.166667
-0.166667 0.115385 -0.0833333
-0.166667 0.115385 0
-0.166667 0.115385 0.0833333
-0.166667 0.115385 0.166667
-0.166667 0.115385 0.25
-0.166667 0.192308 -0.25
-0.166667 0.192308 -0.166667
-0.166667 0.192308 -0.0833333
-0.166667 0.192308 0
-0.166667 0.192308 0.0833333
-0.166667 0.192308 0.166667
-0.166667 0.192308 0.25
-0.166667 0.269231 -0.25
-0.166667 0.269231 -0.166667
-0.166667 0.269231 -0.0833333
-0.166667 0.269231 0
-0.166667 0.269231 0.0833333
-0.166667 0.269231 0.166667
-0.166667 0.269231 0.25
-0.166667 0.346154 -0.25
-0.166667 0.346154 -0.166667
-0.166667 0.346154 -0.0833333
-0.166667 0.346154 0
-0.166667 0.346154 0.0833333
-0.166667 0.346154 0.166667
-0.166667 0.346154 0.25
-0.166667 0.423077 -0.25
-0.166667 0.423077 -0.166667
-0.166667 0.423077 -0.0833333
-0.166667 0.423077 0
-0.166667 0.423077 0.0833333
-0.166667 0.423077 0.166667
-0.166667 0.423077 0.25
-0.166667 0.5 -0.25
-0.166667 0.5 -0.166667
-0.166667 0.5 -0.0833333
-0.166667 0.5 0
-0.166667 0.5 0.0833333
-0.166667 0.5 0.166667
-0.166667 0.5 0.25
-0.0833333 -0.5 -0.25
-0.0833333 -0.5 -0.166667
-0.0833333 -0.5 -0.0833333
-0.0833333 -0.5 0
-0.0833333 -0.5 0.0833333
-0.0833333 -0.5 0.166667
-0.0833333 -0.5 0.25
-0.0833333 -0.423077 -0.25
-0.0833333 -0.423077 -0.166667
-0.0833333 -0.423077 -0.0833333
-0.0833333 -0.423077 0
-0.0833333 -0.423077 0.0833333
-0.0833333 -0.423077 0.166667
-0.0833333 -0.423077 0.25
-0.0833333 -0.346154 -0.25
-0.0833333 -0.346154 -0.166667
-0.0833333 -0.346154 -0.0833333
-0.0833333 -0.346154 0
-0.0833333 -0.346154 0.0833333
-0.0833333 -0.346154 0.166667
-0.0833333 -0.346154 0.25
-0.0833333 -0.269231 -0.25
-0.0833333 -0.269231 -0.166667
-0.0833333 -0.269231 -0.0833333
-0.0833333 -0.269231 0
-0.0833333 -0.269231 0.0833333
-0.0833333 -0.269231 0.166667
-0.0833333 -0.269231 0.25
-0.0833333 -0.192308 -0.25
-0.0833333 -0.192308 -0.166667
-0.0833333 -0.192308 -0.0833333
-0.0833333 -0.192308 0
-0.0833333 -0.192308 0.0833333
-0.0833333 -0.192308 0.166667
-0.0833333 -0.192308 0.25
-0.0833333 -0.115385 -0.25
-0.0833333 -0.115385 -0.166667
-0.0833333 -0.115385 -0.0833333
-0.0833333 -0.115385 0
-0.0833333 -0.115385 0.0833333
-0.0833333 -0.115385 0.166667
-0.0833333 -0.115385 0.25
-0.0833333 -0.0384615 -0.25
-0.0833333 -0.0384615 -0.166667
-0.0833333 -0.0384615 -0.0833333
-0.0833333 -0.0384615 0
-0.0833333 -0.0384615 0.0833333
-0.0833333 -0.0384615 0.166667
-0.0833333 -0.0384615 0.25
-0.0833333 0.0384615 -0.25
-0.0833333 0.0384615 -0.166667
-0.0833333 0.0384615 -0.0833333
-0.0833333 0.0384615 0
-0.0833333 0.0384615 0.0833333
-0.0833333 0.0384615 0.166667
-0.0833333 0.0384615 0.25
-0.0833333 0.115385 -0.25
-0.0833333 0.115385 -0.166667
-0.0833333 0.115385 -0.0833333
-0.0833333 0.115385 0
-0.0833333 0.115385 0.0833333
-0.0833333 0.115385 0.166667
-0.0833333 0.115385 0.25
-0.0833333 0.192308 -0.25
-0.0833333 0.192308 -0.166667
-0.0833333 0.192308 -0.0833333
-0.0833333 0.192308 0
-0.0833333 0.192308 0.0833333
-0.0833333 0.192308 0.166667
-0.0833333 0.192308 0.25
-0.0833333 0.269231 -0.25
-0.0833333 0.269231 -0.166667
-0.0833333 0.269231 -0.0833333
-0.0833333 0.269231 0
-0.0833333 0.269231 0.0833333
-0.0833333 0.269231 0.166667
-0.0833333 0.269231 0.25
-0.0833333 0.346154 -0.25
-0.0833333 0.346154 -0.166667
-0.0833333 0.346154 -0.0833333
-0.0833333 0.346154 0
-0.0833333 0.346154 0.0833333
-0.0833333 0.346154 0.166667
-0.0833333 0.346154 0.25
-0.0833333 0.423077 -0.25
-0.0833333 0.423077 -0.166667
-0.0833333 0.423077 -0.0833333
-0.0833333 0.423077 0
-0.0833333 0.423077 0.0833333
-0.0833333 0.423077 0.166667
-0.0833333 0.423077 0.25
-0.0833333 0.5 -0.25
-0.0833333 0.5 -0.166667
-0.0833333 0.5 -0.0833333
-0.0833333 0.5 0
-0.0833333 0.5 0.0833333
-0.0833333 0.5 0.166667
-0.0833333 0.5 0.25
0 -0.5 -0.25
0 -0.5 -0.166667
0 -0.5 -0.0833333
0 -0.5 0
0 -0.5 0.0833333
0 -0.5 0.166667
0 -0.5 0.25
0 -0.423077 -0.25
0 -0.423077 -0.166667
0 -0.423077 -0.0833333
0 -0.423077 0
0 -0.423077 0.0833333
0 -0.423077 0.166667
0 -0.423077 0.25
0 -0.346154 -0.25
0 -0.346154 -0.166667
0 -0.346154 -0.0833333
0 -0.346154 0
0 -0.346154 0.0833333
0 -0.346154 0.166667
0 -0.346154 0.25
0 -0.269231 -0.25
0 -0.269231 -0.166667
0 -0.269231 -0.0833333
0 -0.269231 0
0 -0.269231 0.0833333
0 -0.269231 0.166667
0 -0.269231 0.25
0 -0.192308 -0.25
0 -0.192308 -0.166667
0 -0.192308 -0.0833333
0 -0.192308 0
0 -0.192308 0.0833333
0 -0.192308 0.166667
0 -0.192308 0.25
0 -0.115385 -0.25
0 -0.115385 -0.166667
0 -0.115385 -0.0833333
0 -0.115385 0
0 -0.115385 0.0833333
0 -0.115385 0.166667
0 -0.115385 0.25
0 -0.0384615 -0.25
0 -0.0384615 -0.166667
0 -0.0384615 -0.0833333
0 -0.0384615 0
0 -0.0384615 0.0833333
0 -0.0384615 0.166667
0 -0.0384615 0.25
0 0.0384615 -0.25
0 0.0384615 -0.166667
0 0.0384615 -0.0833333
0 0.0384615 0
0 0.0384615 0.0833333
0 0.0384615 0.166667
0 0.0384615 0.25
0 0.115385 -0.25
0 0.115385 -0.166667
0 0.115385 -0.0833333
0 0.115385 0
0 0.115385 0.0833333
0 0.115385 0.166667
0 0.115385 0.25
0 0.192308 -0.25
0 0.192308 -0.166667
0 0.192308 -0.0833333
0 0.192308 0
0 0.192308 0.0833333
0 0.192308 0.166667
0 0.192308 0.25
0 0.269231 -0.25
0 0.269231 -0.166667
0 0.269231 -0.0833333
0 0.269231 0
0 0.269231 0.0833333
0 0.269231 0.166667
0 0.269231 0.25
0 0.346154 -0.25
0 0.346154 -0.166667
0 0.346154 -0.0833333
0 0.346154 0
0 0.346154 0.0833333
0 0.346154 0.166667
0 0.346154 0.25
0 0.423077 -0.25
0 0.423077 -0.166667
0 0.423077 -0.0833333
0 0.423077 0
0 0.423077 0.0833333
0 0.423077 0.166667
0 0.423077 0.25
0 0.5 -0.25
0 0.5 -0.166667
0 0.5 -0.0833333
0 0.5 0
0 0.5 0.0833333
0 0.5 0.166667
0 0.5 0.25
0.0833333 -0.5 -0.25
0.0833333 -0.5 -0.166667
0.0833333 -0.5 -0.0833333
0.0833333 -0.5 0
0.0833333 -0.5 0.0833333
0.0833333 -0.5 0.166667
0.0833333 -0.5 0.25
0.0833333 -0.423077 -0.25
0.0833333 -0.423077 -0.166667
0.0833333 -0.423077 -0.0833333
0.0833333 -0.423077 0
0.0833333 -0.423077 0.0833333
0.0833333 -0.423077 0.166667
0.0833333 -0.423077 0.25
0.0833333 -0.346154 -0.25
0.0833333 -0.346154 -0.166667
0.0833333 -0.346154 -0.0833333
0.0833333 -0.346154 0
0.0833333 -0.346154 0.0833333
0.0833333 -0.346154 0.166667
0.0833333 -0.346154 0.25
0.0833333 -0.269231 -0.25
0.0833333 -0.269231 -0.166667
0.0833333 -0.269231 -0.0833333
0.0833333 -0.269231 0
0.0833333 -0.269231 0.0833333
0.0833333 -0.269231 0.166667
0.0833333 -0.269231 0.25
0.0833333 -0.192308 -0.25
0.0833333 -0.192308 -0.166667
0.0833333 -0.192308 -0.0833333
0.0833333 -0.192308 0
0.0833333 -0.192308 0.0833333
0.0833333 -0.192308 0.166667
0.0833333 -0.192308 0.25
0.0833333 -0.115385 -0.25
0.0833333 -0.115385 -0.166667
0.0833333 -0.115385 -0.0833333
0.0833333 -0.115385 0
0.0833333 -0.115385 0.0833333
0.0833333 -0.115385 0.166667
0.0833333 -0.115385 0.25
0.0833333 -0.0384615 -0.25
0.0833333 -0.0384615 -0.166667
0.0833333 -0.0384615 -0.0833333
0.0833333 -0.0384615 0
0.0833333 -0.0384615 0.0833333
0.0833333 -0.0384615 0.166667
0.0833333 -0.0384615 0.25
0.0833333 0.0384615 -0.25
0.0833333 0.0384615 -0.166667
0.0833333 0.0384615 -0.0833333
0.0833333 0.0384615 0
0.0833333 0.0384615 0.0833333
0.0833333 0.0384615 0.166667
0.0833333 0.0384615 0.25
0.0833333 0.115385 -0.25
0.0833333 0.115385 -0.166667
0.0833333 0.115385 -0.0833333
0.0833333 0.115385 0
0.0833333 0.115385 0.0833333
0.0833333 0.115385 0.166667
0.0833333 0.115385 0.25
0.0833333 0.192308 -0.25
0.0833333 0.192308 -0.166667
0.0833333 0.192308 -0.0833333
0.0833333 0.192308 0
0.0833333 0.192308 0.0833333
0.0833333 0.192308 0.166667
0.0833333 0.192308 0.25
0.0833333 0.269231 -0.25
0.0833333 0.269231 -0.166667
0.0833333 0.269231 -0.0833333
0.0833333 0.269231 0
0.0833333 0.269231 0.0833333
0.0833333 0.269231 0.166667
0.0833333 0.269231 0.25
0.0833333 0.346154 -0.25
0.0833333 0.346154 -0.166667
0.0833333 0.346154 -0.0833333
0.0833333 0.346154 0
0.0833333 0.346154 0.0833333
0.0833333 0.346154 0.166667
0.0833333 0.346154 0.25
0.0833333 0.423077 -0.25
0.0833333 0.423077 -0.166667
0.0833333 0.423077 -0.0833333
0.0833333 0.423077 0
0.0833333 0.423077 0.0833333
0.0833333 0.423077 0.166667
0.0833333 0.423077 0.25
0.0833333 0.5 -0.25
0.0833333 0.5 -0.166667
0.0833333 0.5 -0.0833333
0.0833333 0.5 0
0.0833333 0.5 0.0833333
0.0833333 0.5 0.166667
0.0833333 0.5 0.25
0.166667 -0.5 -0.25
0.166667 -0.5 -0.166667
0.166667 -0.5 -0.0833333
0.166667 -0.5 0
0.166667 -0.5 0.0833333
0.166667 -0.5 0.166667
0.166667 -0.5 0.25
0.166667 -0.423077 -0.25
0.166667 -0.423077 -0.166667
0.166667 -0.423077 -0.0833333
0.166667 -0.423077 0
0.166667 -0.423077 0.0833333
0.166667 -0.423077 0.166667
0.166667 -0.423077 0.25
0.166667 -0.346154 -0.25
0.166667 -0.346154 -0.166667
0.166667 -0.346154 -0.0833333
0.166667 -0.346154 0
0.166667 -0.346154 0.0833333
0.166667 -0.346154 0.166667
0.166667 -0.346154 0.25
0.166667 -0.269231 -0.25
0.166667 -0.269231 -0.166667
0.166667 -0.269231 -0.0833333
0.166667 -0.269231 0
0.166667 -0.269231 0.0833333
0.166667 -0.269231 0.166667
0.166667 -0.269231 0.25
0.166667 -0.192308 -0.25
0.166667 -0.192308 -0.166667
0.166667 -0.192308 -0.0833333
0.166667 -0.192308 0
0.166667 -0.192308 0.0833333
0.166667 -0.192308 0.166667
0.166667 -0.192308 0.25
0.166667 -0.115385 -0.25
0.166667 -0.115385 -0.166667
0.166667 -0.115385 -0.0833333
0.166667 -0.115385 0
0.166667 -0.115385 0.0833333
0.166667 -0.115385 0.166667
0.166667 -0.115385 0.25
0.166667 -0.0384615 -0.25
0.166667 -0.0384615 -0.166667
0.166667 -0.0384615 -0.0833333
0.166667 -0.0384615 0
0.166667 -0.0384615 0.0833333
0.166667 -0.0384615 0.166667
0.166667 -0.0384615 0.25
0.166667 0.0384615 -0.25
0.166667 0.0384615 -0.166667
0.166667 0.0384615 -0.0833333
0.166667 0.0384615 0
0.166667 0.0384615 0.0833333
0.166667 0.0384615 0.166667
0.166667 0.0384615 0.25
0.166667 0.115385 -0.25
0.166667 0.115385 -0.166667
0.166667 0.115385 -0.0833333
0.166667 0.115385 0
0.166667 0.115385 0.0833333
0.166667 0.115385 0.166667
0.166667 0.115385 0.25
0.166667 0.192308 -0.25
0.166667 0.192308 -0.166667
0.166667 0.192308 -0.0833333
0.166667 0.192308 0
0.166667 0.192308 0.0833333
0.166667 0.192308 0.166667
0.166667 0.192308 0.25
0.166667 0.269231 -0.25
0.166667 0.269231 -0.166667
0.166667 0.269231 -0.0833333
0.166667 0.269231 0
0.166667 0.269231 0.0833333
0.166667 0.269231 0.166667
0.166667 0.269231 0.25
0.166667 0.346154 -0.25
0.166667 0.346154 -0.166667
0.166667 0.346154 -0.0833333
0.166667 0.346154 0
0.166667 0.346154 0.0833333
0.166667 0.346154 0.166667
0.166667 0.346154 0.25
0.166667 0.423077 -0.25
0.166667 0.423077 -0.166667
0.166667 0.423077 -0.0833333
0.166667 0.423077 0
0.166667 0.423077 0.0833333
0.166667 0.423077 0.166667
0.166667 0.423077 0.25
0.166667 0.5 -0.25
0.166667 0.5 -0.166667
0.166667 0.5 -0.0833333
0.166667 0.5 0
0.166667 0.5 0.0833333
0.166667 0.5 0.166667
0.166667 0.5 0.25
0.25 -0.5 -0.25
0.25 -0.5 -0.166667
0.25 -0.5 -0.0833333
0.25 -0.5 0
0.25 -0.5 0.0833333
0.25 -0.5 0.166667
0.25 -0.5 0.25
0.25 -0.423077 -0.25
0.25 -0.423077 -0.166667
0.25 -0.423077 -0.0833333
0.25 -0.423077 0
0.25 -0.423077 0.0833333
0.25 -0.423077 0.166667
0.25 -0.423077 0.25
0.25 -0.346154 -0.25
0.25 -0.346154 -0.166667
0.25 -0.346154 -0.0833333
0.25 -0.346154 0
0.25 -0.346154 0.0833333
0.25 -0.346154 0.166667
0.25 -0.346154 0.25
0.25 -0.269231 -0.25
0.25 -0.269231 -0.166667
0.25 -0.269231 -0.0833333
0.25 -0.269231 0
0.25 -0.269231 0.0833333
0.25 -0.269231 0.166667
0.25 -0.269231 0.25
0.25 -0.192308 -0.25
0.25 -0.192308 -0.166667
0.25 -0.192308 -0.0833333
0.25 -0.192308 0
0.25 -0.192308 0.0833333
0.25 -0.192308 0.166667
0.25 -0.192308 0.25
0.25 -0.115385 -0.25
0.25 -0.115385 -0.166667
0.25 -0.115385 -0.0833333
0.25 -0.115385 0
0.25 -0.115385 0.0833333
0.25 -0.115385 0.166667
0.25 -0.115385 0.25
0.25 -0.0384615 -0.25
0.25 -0.0384615 -0.166667
0.25 -0.0384615 -0.0833333
0.25 -0.0384615 0
0.25 -0.0384615 0.0833333
0.25 -0.0384615 0.166667
0.25 -0.0384615 0.25
0.25 0.0384615 -0.25
0.25 0.0384615 -0.166667
0.25 0.0384615 -0.0833333
0.25 0.0384615 0
0.25 0.0384615 0.0833333
0.25 0.0384615 0.166667
0.25 0.0384615 0.25
0.25 0.115385 -0.25
0.25 0.115385 -0.166667
0.25 0.115385 -0.0833333
0.25 0.115385 0
0.25 0.115385 0.0833333
0.25 0.115385 0.166667
0.25 0.115385 0.25
0.25 0.192308 -0.25
0.25 0.192308 -0.166667
0.25 0.192308 -0.0833333
0.25 0.192308 0
0.25 0.192308 0.0833333
0.25 0.192308 0.166667
0.25 0.192308 0.25
0.25 0.269231 -0.25
0.25 0.269231 -0.166667
0.25 0.269231 -0.0833333
0.25 0.269231 0
0.25 0.269231 0.0833333
0.25 0.269231 0.166667
0.25 0.269231 0.25
0.25 0.346154 -0.25
0.25 0.346154 -0.166667
0.25 0.346154 -0.0833333
0.25 0.346154 0
0.25 0.346154 0.0833333
0.25 0.346154 0.166667
0.25 0.346154 0.25
0.25 0.423077 -0.25
0.25 0.423077 -0.166667
0.25 0.423077 -0.0833333
0.25 0.423077 0
0.25 0.423077 0.0833333
0.25 0.423077 0.166667
0.25 0.423077 0.25
0.25 0.5 -0.25
0.25 0.5 -0.166667
0.25 0.5 -0.0833333
0.25 0.5 0
0.25 0.5 0.0833333
0.25 0.5 0.166667
0.25 0.5 0.25
