0.0 0.0 -0.05
-0.0243861834489 0.0223397416457 -0.0375
0.00378564492746 -0.0431354713952 -0.025
0.029455919697 0.0384200311661 -0.0125
-0.0492356742658 -0.00870909751897 -3.46944695195e-18
0.0408481275635 -0.0259842351158 0.0125
-0.0112411961488 0.0418166893614 0.025
-0.0152430670614 -0.0293495980647 0.0375
0.0 0.0 -0.09
-0.016460673828 0.0150793256108 -0.0871875
0.00273805781891 -0.0311987566159 -0.084375
0.0231491484856 0.0301939649291 -0.0815625
-0.0429050129559 -0.00758929267158 -0.07875
0.0407586743378 -0.0259273322958 -0.0759375
-0.0136205311254 0.0506676968774 -0.073125
-0.0258935923349 -0.0498565363793 -0.0703125
0.0559172374034 0.0204208854161 -0.0675
-0.0578401603452 0.0238755773751 -0.0646875
0.027701130603 -0.0591957070936 -0.061875
0.0203240432987 0.064796252652 -0.0590625
-0.0607864755724 -0.0352270050883 -0.05625
0.0707293570974 -0.0155496507464 -0.0534375
-0.0427963905331 0.0608734616425 -0.050625
-0.00979885780258 -0.0756171093703 -0.0478125
0.0595984909539 0.0502296712713 -0.045
-0.0794318903736 0.00328475804696 -0.0421875
0.0573653213398 -0.0570861566632 -0.039375
-0.00379871879684 0.0821507962789 -0.0365625
-0.0534557946549 -0.0640579075354 -0.03375
0.0837607348877 0.0112698884118 -0.0309375
-0.0701773121158 0.0488275459059 -0.028125
0.018955971121 -0.0842611921504 -0.0253125
0.0433253980979 0.075608596599 -0.0225
-0.083665750594 -0.0266916563986 -0.0196875
0.0802521987566 -0.0370785513435 -0.016875
-0.0343187371931 0.082002868067 -0.0140625
-0.0302217939727 -0.084024286186 -0.01125
0.0793161773678 0.0416863598976 -0.0084375
-0.0868571589567 0.0228952683533 -0.005625
0.0486516233634 -0.075664452604 -0.0028125
0.0152438555253 0.0886996328556 -1.82145964978e-17
-0.0711213330757 -0.0550803578899 0.0028125
0.0895173582171 -0.00741633014593 0.005625
-0.060847967242 0.0657748696408 0.0084375
0.000435601401785 -0.0892930442499 0.01125
0.0597269487417 0.0658402436793 0.0140625
-0.0880265687163 -0.00815828260332 0.016875
0.0699540766777 -0.0530926501498 0.0196875
-0.015597009825 0.0857349595236 0.0225
-0.0459996048555 -0.0730979732748 0.0253125
0.0824522389133 0.0225967403222 0.028125
-0.0751922897664 0.0385874416545 0.0309375
0.0290024474082 -0.0782291220987 0.03375
0.0310074514873 0.0761690327234 0.0365625
-0.0731325585219 -0.0346588842729 0.039375
0.0759710028457 -0.023422672144 0.0421875
-0.0394093623843 0.0672450902034 0.045
-0.0160087344513 -0.0745498844065 0.0478125
0.0606639646627 0.0430928389225 0.050625
-0.0718625221257 0.00895608773282 0.0534375
0.0455379427449 -0.0534998436499 0.05625
0.00247481984138 0.0678638074418 0.0590625
-0.0458746874893 -0.0465510195673 0.061875
0.0624925395063 0.00319528555816 0.0646875
-0.0458912244191 0.0379176149212 0.0675
0.00776290945147 -0.0556407187283 0.0703125
0.029754841235 0.0432132363759 0.073125
-0.0470761252078 -0.0108321064052 0.0759375
0.0379095251213 -0.0214780214423 0.07875
-0.0117404366877 0.0361900641079 0.0815625
-0.0129969079826 -0.0284945566361 0.084375
0.0205505683163 0.008718599981 0.0871875
0.0 0.0 -0.14
-0.0111317070303 0.0101975554991 -0.139183673469
0.00186378297254 -0.0212368456734 -0.138367346939
0.0158628399295 0.0206902656833 -0.137551020408
-0.0296008131512 -0.00523596705476 -0.136734693878
0.0283154700022 -0.018011984241 -0.135918367347
-0.00952941798887 0.0354489599291 -0.135102040816
-0.0182471859284 -0.0351338461383 -0.134285714286
0.0396958839336 0.0144968731458 -0.133469387755
-0.0413706893101 0.0170772191465 -0.132653061224
0.0199661399945 -0.0426664814459 -0.131836734694
0.0147642910772 0.0470708864769 -0.131020408163
-0.0445133898695 -0.0257964192966 -0.130204081633
0.0522207340901 -0.011480581899 -0.129387755102
-0.0318633525605 0.0453223401724 -0.128571428571
-0.00735843939649 -0.0567845689619 -0.127755102041
0.0451502231675 0.0380526558849 -0.12693877551
-0.0607192151878 0.00251093017874 -0.12612244898
0.0442571634532 -0.0440417887907 -0.125306122449
-0.00295852180276 0.0639807616471 -0.124489795918
-0.0420379077775 -0.0503754630677 -0.123673469388
0.0665281684476 0.00895127097025 -0.122857142857
-0.0563113554651 0.0391799744262 -0.122040816327
0.0153709418425 -0.0683253775737 -0.121224489796
0.0355123398329 0.0619737681497 -0.120408163265
-0.0693426362091 -0.022122192251 -0.119591836735
0.0672769280892 -0.0310836471902 -0.118775510204
-0.0291102113411 0.0695573618158 -0.117959183673
-0.0259475075673 -0.072140681113 -0.117142857143
0.0689547133345 0.0362406647936 -0.116326530612
-0.0764908893061 0.0201627529415 -0.115510204082
0.0434199224293 -0.0675279556076 -0.114693877551
0.0137934025071 0.0802598618294 -0.11387755102
-0.0652786656499 -0.0505554678333 -0.11306122449
0.0833867887986 -0.0069084250011 -0.112244897959
-0.0575564253918 0.0622168093485 -0.111428571429
0.000418649735261 -0.0858181566513 -0.110612244898
0.0583607063965 0.0643341609005 -0.109795918367
-0.0875081291751 -0.00811023374317 -0.108979591837
0.0708029244782 -0.0537368953667 -0.108163265306
-0.0160852723754 0.0884188823054 -0.107346938776
-0.0483799076121 -0.0768805124474 -0.106530612245
0.0885208836484 0.0242599042459 -0.105714285714
-0.0824889300343 0.0423319569698 -0.104897959184
0.0325481736561 -0.0877931098431 -0.104081632653
0.0356425514056 0.0875550402932 -0.103265306122
-0.0862231965984 -0.040862781953 -0.102448979592
0.0920111871933 -0.0283680324135 -0.101632653061
-0.0491158659267 0.0838075176768 -0.100816326531
-0.0205710479534 -0.0957957827156 -0.1
0.0805511903317 0.0572197924958 -0.0991836734694
-0.0988538493037 0.0123199648565 -0.0983673469388
0.0650879597542 -0.0764680058087 -0.0975510204082
0.00368822685542 0.101137510267 -0.0967346938776
-0.0715802845184 -0.0726355950878 -0.0959183673469
0.102606421817 0.00524633532895 -0.0951020408163
-0.0797805416041 0.0659186564107 -0.0942857142857
0.01440223514 -0.103228141394 -0.0934693877551
0.0595217679374 0.0864440245901 -0.0926530612245
-0.10297842786 -0.0236950956158 -0.0918367346939
0.0925513901752 -0.0524359177895 -0.0910204081633
-0.0330384419109 0.101841470006 -0.0902040816327
-0.0447146243394 -0.0980328088346 -0.089387755102
0.0998100406438 0.0423445135467 -0.0885714285714
-0.102823936845 0.0364181284178 -0.0877551020408
0.0515250888978 -0.0968855744002 -0.0869387755102
0.027612835692 0.10686652931 -0.0861224489796
-0.0930781681002 -0.0604923143534 -0.085306122449
0.110108998898 -0.0183707035071 -0.0844897959184
-0.0691595305823 0.0884065034387 -0.0836734693878
-0.00876857757912 -0.112506915009 -0.0828571428571
0.0828976923888 0.0774420883828 -0.0820408163265
-0.114023438671 -0.00111251558713 -0.0812244897959
0.0852581467136 -0.0765870465501 -0.0804081632653
-0.0111881142738 0.114629689104 -0.0795918367347
-0.0695177723624 -0.0925294456801 -0.0787755102041
0.114305038519 0.0213710984773 -0.0779591836735
-0.0991820474928 0.0617405948058 -0.0771428571429
0.0315724912566 -0.11303733242 -0.0763265306122
0.0533133128768 0.105147038711 -0.0755102040816
-0.110823033348 -0.0417022773485 -0.074693877551
0.110361187445 -0.0443002907554 -0.0738775510204
-0.0516702317324 0.107667286716 -0.0730612244898
-0.0347718891709 -0.114767549605 -0.0722448979592
0.103583908099 0.0613867507424 -0.0714285714286
-0.118316018745 0.0248038420182 -0.070612244898
0.0707636782939 -0.0985952920457 -0.0697959183673
0.0144765837714 0.120963814558 -0.0689795918367
-0.0927322432132 -0.0797151198421 -0.0681632653061
0.122675905647 -0.00387453368899 -0.0673469387755
-0.0881582367956 0.0860337312884 -0.0665306122449
0.00691465680968 -0.123425362767 -0.0657142857143
0.0785465718821 0.0960140142863 -0.0648979591837
-0.123193639376 -0.0178008868838 -0.0640816326531
0.103207995436 -0.0703250362199 -0.0632653061224
-0.0286924121471 0.121970776964 -0.0624489795918
-0.0614303931017 -0.109670975559 -0.0616326530612
0.11975553333 0.0394966664931 -0.0608163265306
-0.1153396501 0.0519303872017 -0.06
0.0501210925429 -0.116555432636 -0.0591836734694
0.0418986583498 0.120157210519 -0.0583673469388
-0.11238673677 -0.0604739733126 -0.0575510204082
0.124073882806 -0.0314141069584 -0.0567346938776
-0.0704652576875 0.107274338275 -0.0559183673469
-0.0205602112364 -0.127047403798 -0.0551020408163
0.101251575762 0.0800073723492 -0.0542857142857
-0.129043431061 0.00942430226048 -0.0534693877551
0.0890160129214 -0.0943599734382 -0.0526530612245
-0.00190319665601 0.130035882658 -0.0518367346939
-0.086648907045 -0.0974109072885 -0.0510204081633
0.130007203762 0.0133295595381 -0.0502040816327
-0.105116544288 0.0781751991547 -0.049387755102
0.0247605692581 -0.128948557714 -0.0485714285714
0.0690026474014 0.112062861291 -0.0477551020408
-0.126859939821 -0.0361013437729 -0.0469387755102
0.118185884539 -0.0592014898107 -0.0461224489796
-0.0472571697584 0.123750212828 -0.045306122449
-0.0488478119541 -0.12342831655 -0.0444897959184
0.119637063744 0.0581343362434 -0.0436734693878
-0.127740065341 0.0380229011635 -0.0428571428571
0.0686409608506 -0.11454688235 -0.0420408163265
0.0268125535109 0.131078710763 -0.0412244897959
-0.108514562459 -0.078687801315 -0.0404081632653
0.133409903792 -0.0153063396728 -0.0395918367347
-0.0881890450872 0.101583227626 -0.0387755102041
-0.00359683616333 -0.134707695194 -0.0379591836735
0.0938038837232 0.09706307002 -0.0371428571429
-0.134954790639 -0.00822117127745 -0.0363265306122
0.105233169396 -0.0852350014082 -0.0355102040816
-0.0200515051078 0.134142729968 -0.034693877551
-0.0759420321533 -0.112628234867 -0.0338775510204
0.132271988989 0.0317974270064 -0.0330612244898
-0.119183391261 0.0659968620695 -0.0322448979592
0.0433624751593 -0.129352002868 -0.0314285714286
0.0554772083261 0.124840577613 -0.030612244898
-0.125401110883 -0.0546513004234 -0.0297959183673
0.129549069277 -0.0444659634614 -0.0289795918367
-0.0655704939911 0.120446422965 -0.0281632653061
-0.0330504933424 -0.133265936493 -0.0273469387755
0.114523609194 0.0760293992545 -0.0265306122449
-0.135956435325 0.0213218949401 -0.0257142857143
0.0859409007089 -0.107676614053 -0.0248979591837
0.00937422043856 0.137594327499 -0.0240816326531
-0.0999572979194 -0.0952221829391 -0.0232653061224
0.138162126301 0.00269632550575 -0.0224489795918
-0.103795452994 0.0914250089374 -0.0216326530612
0.0147922083036 -0.137651266334 -0.0208163265306
0.0821460889804 0.111588619784 -0.02
-0.136062195606 -0.026815398546 -0.0191836734694
0.118535924498 -0.0721933180417 -0.0183673469388
-0.0386682123551 0.133404389118 -0.0175510204082
-0.0616453019019 -0.124578516504 -0.0167346938776
0.129696283794 0.0502541495913 -0.0159183673469
-0.129664969627 0.0505858084331 -0.0151020408163
0.0614787225562 -0.124965135299 -0.0142857142857
0.0391030583504 0.133751734273 -0.0134693877551
-0.11924679798 -0.0722502679103 -0.0126530612245
0.136803521398 -0.0272889766193 -0.0118367346939
-0.0824807346793 0.112585429833 -0.0110204081633
-0.0152384110772 -0.138793614932 -0.0102040816327
0.105033125059 0.0920864414259 -0.00938775510204
-0.139704109912 0.00304832511204 -0.00857142857143
0.100988795942 -0.0966494774249 -0.00775510204082
-0.00918302852846 0.139526074199 -0.0069387755102
-0.087501078229 -0.109114971142 -0.00612244897959
0.138259632362 0.021356945559 -0.00530612244898
-0.116398531221 0.0776609532661 -0.00448979591837
0.0333751122695 -0.135913970966 -0.00367346938776
0.067207943712 0.122780002593 -0.00285714285714
-0.132507265214 -0.0451404445505 -0.00204081632653
0.128207384582 -0.0562260363469 -0.00122448979592
-0.0565579164802 0.128066527579 -0.000408163265306
-0.044803648978 -0.132636595406 0.000408163265306
0.122627379731 0.0675353712134 0.00122448979592
-0.136031849524 0.0330328773175 0.00204081632653
0.0779843070704 -0.116233749769 0.00285714285714
0.0210087099113 0.138365963049 0.00367346938776
-0.108937497395 -0.0878206319377 0.00448979591837
0.139620584555 -0.0088282179941 0.00530612244898
-0.0969653793768 0.100797970321 0.00612244897959
0.00341027263428 -0.139786349244 0.0069387755102
0.0918814957954 0.105345380168 0.00775510204082
-0.138862955138 -0.0156080204559 0.00857142857143
0.112893883412 -0.0822608117051 0.00938775510204
-0.0276667104572 0.136859160638 0.0102040816327
-0.0720144422424 -0.119551121753 0.0110204081633
0.133792703469 0.039489292349 0.0118367346939
-0.125264815785 0.061226023618 0.0126530612245
0.0509808074412 -0.129690141746 0.0134693877551
0.0499835857318 0.129990613218 0.0142857142857
-0.124586618559 -0.0620491969271 0.0151020408163
0.133692458988 -0.0383787961078 0.0159183673469
-0.0726060845008 0.118525552158 0.0167346938776
-0.0265061727275 -0.136342893067 0.0175510204082
0.111558254479 0.0825675264494 0.0183673469388
-0.137923273386 0.0144622726711 0.0191836734694
0.0918547226544 -0.103743481367 0.02
0.00234486369009 0.138423921936 0.0208163265306
-0.0951469184588 -0.100394682276 0.0216326530612
0.137844192796 0.00974791401772 0.0224489795918
-0.108120838296 0.0858406072739 0.0232653061224
0.0217183884702 -0.136192461506 0.0240816326531
0.0759023165503 0.11497360554 0.0248979591837
-0.133486035911 -0.0334701916198 0.0257142857143
0.120900877301 -0.06541486438 0.0265306122449
-0.0449090827903 0.129750989293 0.0273469387755
-0.0544653971132 -0.12585845623 0.0281632653061
0.125021917285 0.0559437526035 0.0289795918367
-0.129810415727 0.0431446313853 0.0297959183673
0.0664866003338 -0.11934162073 0.030612244898
0.0315460659488 0.132729388687 0.0314285714286
-0.112760717315 -0.0764544778684 0.0322448979592
0.134596781091 -0.0197651702557 0.0330612244898
-0.0857693937401 0.10533718543 0.0338775510204
-0.00789855694384 -0.135402908605 0.034693877551
0.097135844282 0.0943591710525 0.0355102040816
-0.135147055004 -0.00395685447904 0.0363265306122
0.102158053523 -0.0882277748987 0.0371428571429
-0.0157046753785 0.133837451956 0.0379591836735
-0.0786896871329 -0.10910725433 0.0387755102041
0.131491180374 0.0272498797779 0.0395918367347
-0.115155442938 0.0686032382859 0.0404081632653
0.0384996228477 -0.128133994247 0.0412244897959
0.0580543093837 0.120259165657 0.0420408163265
-0.123800068544 -0.0493640388812 0.0428571428571
0.124383196229 -0.0471322455174 0.0436734693878
-0.0597570117161 0.118531673446 0.0444897959184
-0.035929066978 -0.127500813388 0.045306122449
0.11237877783 0.0695969108052 0.0461224489796
-0.129594002981 0.0245386581743 0.0469387755102
0.0788072864411 -0.105398585535 0.0477551020408
0.0130559415205 0.130653582873 0.0485714285714
-0.0976550085582 -0.0873175179988 0.049387755102
0.130679249592 -0.00157604361623 0.0502040816327
-0.0950634094756 0.0892180818541 0.0510204081633
0.00980653889134 -0.12967954631 0.0518367346939
0.0801633249721 0.101987727071 0.0526530612245
-0.127671752491 -0.0209987663665 0.0534693877551
0.108040674062 -0.0705710561962 0.0542857142857
-0.0319098688303 0.124681696207 0.0551020408163
-0.0605256653021 -0.113180298785 0.0559183673469
0.120743490824 0.0424521369822 0.0567346938776
-0.117372832117 0.0501148514005 0.0575510204082
0.0525416845798 -0.115899198413 0.0583673469388
0.0394288326542 0.120592951495 0.0591836734694
-0.110198422919 -0.0620991754072 0.06
0.122823969133 -0.0285595349013 0.0608163265306
-0.0710505083775 0.103697836698 0.0616326530612
-0.0175997664123 -0.124057942794 0.0624489795918
0.0964606446935 0.0793274546834 0.0632653061224
-0.124295708144 0.00664238612878 0.0640816326531
0.0868682413354 -0.0885559909949 0.0648979591837
-0.00422052720607 0.123546832429 0.0657142857143
-0.0800583131171 -0.0936180758997 0.0665306122449
0.121829489887 0.0148984976213 0.0673469387755
-0.0995296077729 0.0710466497407 0.0681632653061
0.0253034588658 -0.119170260046 0.0689795918367
0.0616039081069 0.104563321893 0.0697959183673
-0.115603850696 -0.0353505385363 0.070612244898
0.108687861386 -0.051816097606 0.0714285714286
-0.0449588123946 0.111172748041 0.0722448979592
-0.0417715364063 -0.111880276288 0.0730612244898
0.105926797162 0.0540520221479 0.0738775510204
-0.114126196137 0.0315600382089 0.074693877551
0.0625592502952 -0.0999227165466 0.0755102040816
0.0212720863952 0.115419924905 0.0763265306122
-0.0932235510484 -0.0704155460234 0.0771428571429
0.115764457465 -0.0109980029466 0.0779591836735
-0.0775624965819 0.0858980681743 0.0787755102041
-0.000827119561372 -0.115171417454 0.0795918367347
0.0780201031258 0.0839487390527 0.0804081632653
-0.113660917146 -0.00915304162476 0.0812244897959
0.0895304079763 -0.0696678584719 0.0820408163265
-0.018857570396 0.111261340619 0.0828571428571
-0.0609231647519 -0.0942715148772 0.0836734693878
0.10800905224 0.0282049467288 0.0844897959184
-0.0981442563569 0.0518707086597 0.085306122449
0.0371177880377 -0.103948033136 0.0861224489796
0.0425972357666 0.101129248083 0.0869387755102
-0.0991294490333 -0.0455235587379 0.0877551020408
0.103215682689 -0.0331907349708 0.0885714285714
-0.053355235821 0.0936111534397 0.089387755102
-0.0237396120465 -0.104401410319 0.0902040816327
0.0874571308195 0.0605519245492 0.0910204081633
-0.104692941291 0.0143318597727 0.0918367346939
0.0670594188461 -0.0807368849396 0.0926530612245
0.00505423217027 0.10410537109 0.0934693877551
-0.0735247781525 -0.0728307014882 0.0942857142857
0.102662228702 0.00400856963871 0.0951020408163
-0.0778263797868 0.065899327878 0.0959183673469
0.012774692518 -0.100395250044 0.0967346938776
0.0579424670289 0.0820150530813 0.0975510204082
-0.0973440790744 -0.021165900061 0.0983673469388
0.0853736090516 -0.0497387755642 0.0991836734694
-0.0291083078998 0.0935558999273 0.1
-0.0413746907705 -0.0878874465923 0.100816326531
0.0890850042883 0.0365330787463 0.101632653061
-0.0895506237761 0.0329377042596 0.102448979592
0.0433770706262 -0.0839922990239 0.103265306122
0.0245155540563 0.0903659302701 0.104081632653
-0.0783447599973 -0.0495834321126 0.104897959184
0.0903448844662 -0.0161954205477 0.105714285714
-0.055102138721 0.0722148389398 0.106530612245
-0.0080631355115 -0.089507656551 0.107346938776
0.0656798313061 0.059890465 0.108163265306
-0.0878829197949 0.000202413984572 0.108979591837
0.0639133871909 -0.0588212142654 0.109795918367
-0.00730588054456 0.0855076335078 0.110612244898
-0.0517239654619 -0.06714391161 0.111428571429
0.0824267624476 0.0143844261111 0.112244897959
-0.0695633240494 0.0444758750793 0.11306122449
0.0209600743915 -0.0786929390422 0.11387755102
0.0371668662996 0.0711613553959 0.114693877551
-0.0743660767268 -0.0269644096037 0.115510204082
0.0719362581532 -0.0298883428554 0.116326530612
-0.0323342151649 0.0695129451978 0.117142857143
-0.022732587703 -0.0718947873174 0.117959183673
0.0642067217749 0.0370118231743 0.118775510204
-0.0710520765597 0.0157922450265 0.119591836735
0.0409453120778 -0.0585265378946 0.120408163265
0.0091599308371 0.0694313959299 0.121224489796
-0.0525570470058 -0.0440885014531 0.122040816327
0.0670637684303 -0.00292803908791 0.122857142857
-0.046400664243 0.0463880515587 0.123673469388
0.00281115236833 -0.0639874060622 0.124489795918
0.0401142457161 0.0478458249739 0.125306122449
-0.0602468934318 -0.00796490396748 0.12612244898
0.0483914143347 -0.0338351635235 0.12693877551
-0.0124386635819 0.055891981096 0.127755102041
-0.0276554836937 -0.0480058535678 0.128571428571
0.0509757091998 0.0161333784816 0.129387755102
-0.0466542182267 0.0216859643054 0.130204081633
0.0189403262405 -0.0455512534035 0.131020408163
0.0160455452071 0.0442901328093 0.131836734694
-0.0396660422589 -0.0207309054141 0.132653061224
0.0408394052928 -0.0108657953049 0.133469387755
-0.021334867617 0.0333492183198 0.134285714286
-0.00630067849884 -0.0361626881982 0.135102040816
0.0265796729454 0.0204870301376 0.135918367347
-0.0299518991927 0.00255092629518 0.136734693878
0.017660408653 -0.0191788099444 0.137551020408
-5.48966564749e-05 0.0213184025546 0.138367346939
-0.0101688567143 -0.011157929588 0.139183673469
0.0 0.0 -0.2
-0.00932239582508 0.0085400782245 -0.1996
0.00156235420594 -0.0178022203485 -0.1992
0.0133102172005 0.0173608213538 -0.1988
-0.024861626728 -0.00439767170621 -0.1984
0.0238052663507 -0.0151429618626 -0.198
-0.00801937825536 0.0298316873877 -0.1976
-0.0153708173837 -0.0295955735365 -0.1972
0.0334714856891 0.01222373289 -0.1968
-0.0349182468588 0.014413744701 -0.1964
0.0168688576136 -0.036047768902 -0.196
0.0124864155053 0.0398086602114 -0.1956
-0.0376834992575 -0.0218383580819 -0.1952
0.0442527902262 -0.00972885179239 -0.1948
-0.0270288804565 0.0384458010876 -0.1944
-0.00624831608004 -0.0482178239468 -0.194
0.0383777627903 0.0323448191092 -0.1936
-0.0516642570497 0.00213647923127 -0.1932
0.0376958654785 -0.037512420954 -0.1928
-0.00252250974545 0.0545515989187 -0.1924
-0.035879712118 -0.042995886528 -0.192
0.0568414381293 0.00764793510639 -0.1916
-0.0481624945134 0.0335102092242 -0.1912
0.0131603928055 -0.0584992654758 -0.1908
0.0304372166313 0.0531170014566 -0.1904
-0.0594956448668 -0.018980733439 -0.19
0.0577845958876 -0.0266979489494 -0.1896
-0.0250296235214 0.0598070058302 -0.1892
-0.0223341579335 -0.0620946486374 -0.1888
0.0594161939092 0.0312274863116 -0.1884
-0.0659810904277 0.0173924036859 -0.188
0.0374946854685 -0.0583128507417 -0.1876
0.0119240825443 0.0693828239226 -0.1872
-0.0564936634844 -0.0437518683728 -0.1868
0.0722441445853 -0.0059852797047 -0.1864
-0.0499204155876 0.0539625064981 -0.186
0.000363509889133 -0.0745151518858 -0.1856
0.0507304892004 0.0559229600924 -0.1852
-0.0761521370821 -0.00705776294842 -0.1848
0.0616839502793 -0.0468159190654 -0.1844
-0.0140293904313 0.0771179369805 -0.184
-0.0422441860659 -0.0671302371784 -0.1836
0.0773822453732 0.0212072652883 -0.1832
-0.0721916705902 0.0370475734347 -0.1828
0.028517802465 -0.0769218755789 -0.1824
0.0312649989492 0.0768016916526 -0.182
-0.0757209688923 -0.0358855802519 -0.1816
0.0808979113756 -0.0249416907018 -0.1812
-0.0432339933497 0.0737711448944 -0.1808
-0.0181288013392 -0.0844226661626 -0.1804
0.0710715905741 0.050485928864 -0.18
-0.0873235424982 0.0108829649255 -0.1796
0.0575644570285 -0.0676290861022 -0.1792
0.00326580083968 0.0895538639305 -0.1788
-0.0634579659238 -0.0643935288738 -0.1784
0.091073134302 0.00465663058456 -0.178
-0.0708986733991 0.0585800145975 -0.1776
0.0128144156597 -0.0918474319255 -0.1772
0.0530242975379 0.0770076870878 -0.1768
-0.0918497500963 -0.0211344128673 -0.1764
0.0826513088867 -0.0468269275024 -0.176
-0.0295409107037 0.0910602800061 -0.1756
-0.040030768323 -0.0877638740455 -0.1752
0.0894666327711 0.0379563119995 -0.1748
-0.0922839405094 0.032685078003 -0.1744
0.0463018386529 -0.0870639979404 -0.174
0.0248450938897 0.0961548818813 -0.1736
-0.0838552364905 -0.054498250551 -0.1732
0.0993254413199 -0.0165715631915 -0.1728
-0.06246657233 0.0798509069538 -0.1724
-0.00793022262617 -0.101750241126 -0.172
0.0750692239655 0.0701288215588 -0.1716
-0.103390243186 -0.00100876853427 -0.1712
0.0774087319115 -0.0695359491476 -0.1708
-0.0101714373141 0.104213155902 -0.1704
-0.0632842148724 -0.0842324649288 -0.17
0.104193783695 0.0194806426814 -0.1696
-0.0905293040582 0.0563542820621 -0.1692
0.028856752543 -0.10331431572 -0.1688
0.0487932337806 0.0962323248043 -0.1684
-0.101564550917 -0.0382183463416 -0.168
0.101279035014 -0.0406546069541 -0.1676
-0.0474829372593 0.0989420571306 -0.1672
-0.0319979651158 -0.105611979569 -0.1668
0.0954522625702 0.0565677078396 -0.1664
-0.109179304043 0.0228884155998 -0.166
0.0653902526963 -0.0911084784875 -0.1656
0.0133960751113 0.111935272241 -0.1652
-0.0859318525486 -0.0738693218972 -0.1648
0.113840732893 -0.00359548806627 -0.1644
-0.0819255585734 0.079951252976 -0.164
0.00643499748042 -0.114863531233 -0.1636
0.073203084138 0.0894822243392 -0.1632
-0.114978861632 -0.0166138911093 -0.1628
0.0964659061827 -0.0657310348644 -0.1624
-0.0268572529665 0.114169557953 -0.162
-0.057585761349 -0.102807198629 -0.1616
0.112426318841 0.0370794125067 -0.1612
-0.10844135516 0.0488245070736 -0.1608
0.0471937069614 -0.109747865689 -0.1604
0.039510662739 0.113308903136 -0.16
-0.106141031591 -0.0571132332543 -0.1596
0.11735621672 -0.029713269714 -0.1592
-0.0667516069451 0.101620780209 -0.1588
-0.0195064710126 -0.120536042695 -0.1584
0.096210154032 0.0760237217001 -0.158
-0.122807974402 0.00896891427364 -0.1576
0.0848465027572 -0.0899401521562 -0.1572
-0.00181688835768 0.124138869484 -0.1568
-0.0828495382735 -0.0931396478835 -0.1564
0.124503207568 0.0127652381557 -0.156
-0.100826349402 0.0749845801904 -0.1556
0.0237879599197 -0.123883384531 -0.1552
0.0663987227638 0.107833991002 -0.1548
-0.122269940494 -0.0347951383321 -0.1544
0.114094813244 -0.0571521967283 -0.154
-0.0456958743969 0.119661719289 -0.1536
-0.0473115664372 -0.119546541904 -0.1532
0.116065957662 0.056399055594 -0.1528
-0.124132973605 0.0369492200737 -0.1524
0.0668141332403 -0.111498303123 -0.152
0.0261428063911 0.127804513512 -0.1516
-0.105982759894 -0.0768519004668 -0.1512
0.130518660278 -0.0149746225061 -0.1508
-0.0864252641855 0.099551563074 -0.1504
-0.00353095770768 -0.132240433823 -0.15
0.09224498171 0.095450004449 -0.1496
-0.13294274202 -0.00809860136913 -0.1492
0.103845514684 -0.0841110520682 -0.1488
-0.0198218985059 0.132606682862 -0.1484
-0.075205243019 -0.111535516417 -0.148
0.131221779193 0.0315449625991 -0.1476
-0.118448742302 0.0655900560076 -0.1472
0.0431727830447 -0.128786143681 -0.1468
0.0553345626517 0.124519581497 -0.1464
-0.125306572246 -0.0546100993576 -0.146
0.12968868174 -0.0445138835486 -0.1456
-0.0657621984308 0.120798564799 -0.1452
-0.0332086123769 -0.133903502807 -0.1448
0.115286272705 0.0765357127472 -0.1444
-0.137118816427 0.0215041898618 -0.144
0.0868394128218 -0.108802373048 -0.1436
0.00949023260648 0.139297148158 -0.1432
-0.101387870342 -0.0965849871743 -0.1428
0.1404091572 0.00274017780367 -0.1424
-0.105687803208 0.0930918269937 -0.142
0.0150912396647 -0.140433950615 -0.1416
0.0839710243677 0.114067642505 -0.1412
-0.13935932898 -0.027465203917 -0.1408
0.121649404233 -0.0740895569555 -0.1404
-0.0397631684799 0.137181961031 -0.14
-0.06351836267 -0.128363770604 -0.1396
0.133907485472 0.051885887625 -0.1392
-0.134147828619 0.0523346928608 -0.1388
0.0637345897018 -0.129550538693 -0.1384
0.0406215261564 0.138945642655 -0.138
-0.124134707788 -0.0752117964305 -0.1376
0.142708772874 -0.0284669307232 -0.1372
-0.0862221369389 0.117692408853 -0.1368
-0.0159633799849 -0.145396734831 -0.1364
0.110264691179 0.0966731497319 -0.136
-0.14697739614 0.00320702725095 -0.1356
0.106476065857 -0.101900968591 -0.1352
-0.00970305493045 0.147427306579 -0.1348
-0.0926586797583 -0.115546566654 -0.1344
0.146731958516 0.0226656645634 -0.134
-0.123805509669 0.0826028799473 -0.1336
0.0355782827387 -0.144885975158 -0.1332
0.0718057672119 0.131179616538 -0.1328
-0.14189322465 -0.0483379022959 -0.1324
0.137602116943 -0.060346146627 -0.132
-0.0608418658371 0.13776685872 -0.1316
-0.0483088366611 -0.143013343085 -0.1312
0.132529275128 0.0729887062091 -0.1308
-0.147361269498 0.0357840222986 -0.1304
0.084678982522 -0.126212003863 -0.13
0.0228665599761 0.150601993462 -0.1296
-0.118855517602 -0.095816104782 -0.1292
0.152700151749 -0.0096552398177 -0.1288
-0.106307140277 0.110508967628 -0.1284
0.00374798896956 -0.153629269928 -0.128
0.10122984698 0.116063594983 -0.1276
-0.153372041029 -0.0172388233518 -0.1272
0.125002163428 -0.0910835832532 -0.1268
-0.030711435909 0.151920530885 -0.1264
-0.080143064021 -0.133045440694 -0.126
0.149276308119 0.044059321766 -0.1256
-0.140122590508 0.0684880984505 -0.1252
0.0571761561501 -0.145450497311 -0.1248
0.0562048192015 0.146169963736 -0.1244
-0.140463754535 -0.0699566555949 -0.124
0.151131661938 -0.0433850292144 -0.1236
-0.08229743575 0.13434616507 -0.1232
-0.0301254984638 -0.154960041115 -0.1228
0.127137063743 0.0940978587581 -0.1224
-0.157616151219 0.0165272161858 -0.122
0.105260863216 -0.118884778988 -0.1216
0.00269460447362 0.159070107521 -0.1212
-0.109646302342 -0.115693769853 -0.1208
0.159301390465 0.0112653005227 -0.1204
-0.125309056221 0.0994868857142 -0.12
0.0252436932654 -0.158299071224 -0.1196
0.0884795693604 0.134025093941 -0.1192
-0.156061960746 -0.0391308626036 -0.1188
0.141766842301 -0.0767046440834 -0.1184
-0.0528170677057 0.152598680725 -0.118
-0.0642490517237 -0.148466492356 -0.1176
0.147927655532 0.0661934190743 -0.1172
-0.154064056048 0.0512057285285 -0.1168
0.0791527575012 -0.142077024814 -0.1164
0.0376728964695 0.158507895297 -0.116
-0.135084477084 -0.0915905238054 -0.1156
0.161755186494 -0.0237533080278 -0.1152
-0.103405612246 0.126997005303 -0.1148
-0.00955345036119 -0.1637723163 -0.1144
0.117870586064 0.114501200609 -0.114
-0.164535205249 -0.00481728487409 -0.1136
0.124785550124 -0.107769784635 -0.1132
-0.0192474594726 0.16402955619 -0.1128
-0.0967672887304 -0.134172768592 -0.1124
0.162251025206 0.0336244675736 -0.112
-0.14258353038 0.0849433744578 -0.1116
0.0478354284774 -0.159205313298 -0.1112
0.0723853084635 0.149945747251 -0.1108
-0.15490817772 -0.0617680862211 -0.1104
0.156195184396 -0.0591866908296 -0.11
-0.0753117086699 0.149385362527 -0.1096
-0.0454467437722 -0.161276016445 -0.1092
0.14267244854 0.0883579788565 -0.1088
-0.165141318693 0.0312695516508 -0.1084
0.100801871336 -0.134814623595 -0.108
0.0167632582136 0.167753489305 -0.1076
-0.125866374576 -0.112542506419 -0.1072
0.169084598801 -0.00203922737064 -0.1068
-0.123483975299 0.115891103387 -0.1064
0.0127888258918 -0.169116663674 -0.106
0.104960669641 0.1335361293 -0.1056
-0.167841841639 -0.0276057275813 -0.1052
0.142615326733 -0.0931548634313 -0.1048
-0.0422957526628 0.165262546594 -0.1044
-0.0805608121446 -0.150645131175 -0.104
0.161391482049 0.0567435416764 -0.1036
-0.157556955349 0.067272325819 -0.1032
0.0708350186696 -0.156251592408 -0.1028
0.0533891860522 0.163290645209 -0.1024
-0.149875932165 -0.0844583030713 -0.102
0.16779499928 -0.039016383952 -0.1016
-0.0975046081548 0.142307453735 -0.1012
-0.0242633130435 -0.171028218842 -0.1008
0.133598715298 0.109869118823 -0.1004
-0.172958285047 0.00924292343323 -0.1
0.121451841583 -0.123811510677 -0.0996
-0.00592915613467 0.173563259671 -0.0992
-0.113016423926 -0.132158419796 -0.0988
0.172831506776 0.0211355214157 -0.0984
-0.141900907505 0.101292311896 -0.098
0.0362579138531 -0.170761833215 -0.0976
0.0887257186437 0.150598495514 -0.0972
-0.167363546527 -0.0511781525052 -0.0968
0.158178183687 -0.0754102261336 -0.0964
-0.0657790692912 0.162656429455 -0.096
-0.0614457461675 -0.164575393902 -0.0956
0.156670630976 0.0799454400806 -0.0952
-0.169734518528 0.0469377590022 -0.0948
0.0935649041629 -0.149446474395 -0.0944
0.0319965045419 0.173609399795 -0.094
-0.141034183748 -0.106528864701 -0.0936
0.176163735974 -0.0167361323998 -0.0932
-0.118733362903 0.131493530387 -0.0928
-0.00127381746956 -0.177371410856 -0.0924
0.120893402288 0.130079918832 -0.092
-0.17721674362 -0.014271152052 -0.0916
0.140476332019 -0.109311299244 -0.0912
-0.0297783070074 0.175694656811 -0.0908
-0.0968327577188 -0.149837435351 -0.0904
0.172810760805 0.0451269426183 -0.09
-0.158085796046 0.0835507096831 -0.0896
0.0601970693255 -0.168581353787 -0.0892
0.0695647803412 0.165152357949 -0.0888
-0.163033336955 -0.0748703615675 -0.0884
0.170977019823 -0.0549805301211 -0.088
-0.0890310969259 0.156204045339 -0.0876
-0.039908646786 -0.175509144809 -0.0872
0.148140995288 0.102567078125 -0.0868
-0.178707996766 0.0244640939334 -0.0864
0.115370530482 -0.138901550374 -0.086
0.00876522251845 0.180543099769 -0.0856
-0.128552508084 -0.127338967584 -0.0852
0.180994517663 0.00706714764965 -0.0848
-0.1383760182 0.11716961034 -0.0844
0.022910669226 -0.18005305117 -0.084
0.104836981501 0.148392207712 -0.0836
-0.17772035073 -0.03864242405 -0.0832
0.157305687729 -0.0916464980672 -0.0828
-0.0541398877083 0.174008943905 -0.0824
-0.0776970948937 -0.165042907891 -0.082
0.16894217686 0.0692818942998 -0.0816
-0.171539224363 0.0630940132267 -0.0812
0.0839495937363 -0.162554070117 -0.0808
0.0479479963506 0.176739439984 -0.0804
-0.154889089463 -0.0980273939528 -0.08
0.180598271571 -0.0323744390792 -0.0796
-0.1114038805 0.146001833583 -0.0792
-0.0164924976989 -0.183080740439 -0.0788
0.135956640622 0.123972706153 -0.0784
-0.18416248283 0.000424167313117 -0.078
0.135633443381 -0.124827116592 -0.0776
-0.0157066661913 0.183829977526 -0.0772
-0.112695589102 -0.146292392819 -0.0768
0.182080688615 0.0317751921084 -0.0764
-0.155863341192 0.0996524905478 -0.076
0.0476566512027 -0.178923122028 -0.0756
0.0857956754338 0.164268262537 -0.0752
-0.17437679515 -0.0632273146138 -0.0748
0.171437957013 -0.0712296770668 -0.0744
-0.0783654576267 0.168472119506 -0.074
-0.0560649093247 -0.177312622062 -0.0736
0.161250197206 0.0929523205797 -0.0732
-0.181842351192 0.0404168196801 -0.0728
0.106873049264 -0.152762532517 -0.0724
0.0244050000495 0.184987556264 -0.072
-0.143070660634 -0.120017607316 -0.0716
0.186719309708 -0.00815226239278 -0.0712
-0.132281653299 0.132245696341 -0.0708
0.00821631371511 -0.187019603756 -0.0704
0.120367805941 0.143567375448 -0.07
-0.185881524422 -0.024574354079 -0.0696
0.153784277362 -0.107525606421 -0.0692
-0.0407951758017 0.183309338636 -0.0688
-0.0938154964172 -0.162849908296 -0.0684
0.179318493603 0.056752778362 -0.068
-0.170690532142 0.0793409241007 -0.0676
0.0723228320318 -0.17393552819 -0.0672
0.0642115976055 0.17724172966 -0.0668
-0.167197896808 -0.0873836558116 -0.0664
0.182448929029 -0.0485426441008 -0.066
-0.101817177132 0.159153706966 -0.0656
-0.0324537240225 -0.186267860344 -0.0652
0.149861372365 0.115509865694 -0.0648
-0.188664930303 0.0160681073541 -0.0644
0.128353634015 -0.139389184068 -0.064
-0.000488280840749 0.189617513911 -0.0636
-0.127814802923 -0.140246697479 -0.0632
0.189114160725 0.0170878381692 -0.0628
-0.151094387023 0.115224677089 -0.0624
0.0336022782809 -0.187154713791 -0.062
0.101713389062 0.160809907921 -0.0616
-0.183750340156 -0.0499036320562 -0.0612
0.169315038563 -0.0873829372159 -0.0608
-0.065865248729 0.178923472496 -0.0604
-0.0723419573539 -0.176540763582 -0.06
0.17270766213 0.0813627890474 -0.0596
-0.182427836185 0.0567048903077 -0.0592
0.096275202621 -0.165147344394 -0.0588
0.0405911020048 0.186927265101 -0.0584
-0.15629751801 -0.110485681715 -0.058
0.190000722146 -0.024123962855 -0.0576
-0.123882583919 0.146223340823 -0.0572
-0.00742989361986 -0.191620867029 -0.0568
0.134999644896 0.13636031636 -0.0564
-0.191771586645 -0.00936261478198 -0.056
0.1478201744 -0.122710374624 -0.0556
-0.0261239998653 0.19044814683 -0.0552
-0.109447952142 -0.158171128124 -0.0548
0.187657255165 0.0427246367342 -0.0544
-0.167330550325 0.0953125748679 -0.054
0.0590358498752 -0.183417034186 -0.0536
0.0804114505907 0.175224880122 -0.0532
-0.177756905025 -0.0749309196257 -0.0528
0.181790216869 -0.0648579759989 -0.0524
-0.0902860753811 0.170717382221 -0.052
-0.0487708650087 -0.186972839542 -0.0516
0.162349781152 0.104981467698 -0.0512
-0.190729647378 0.0322732336607 -0.0508
0.118902111601 -0.152715840229 -0.0504
0.0154916487057 0.193028518153 -0.05
-0.141887260665 -0.131938793617 -0.0496
0.193848581116 0.00144485269919 -0.0492
-0.143988935334 0.129945167288 -0.0488
0.0184057645241 -0.193180402299 -0.0484
0.116979494509 0.154957406613 -0.048
-0.191026080573 -0.0352601267872 -0.0476
0.164757281972 -0.103088302136 -0.0472
-0.0518775459048 0.187399253549 -0.0468
-0.0883770262897 -0.173310534083 -0.0464
0.182325013123 0.0681292124536 -0.046
-0.180548658843 0.0729576712206 -0.0456
0.0838889083406 -0.175839731169 -0.0452
0.0569479482602 0.186413226969 -0.0448
-0.167990796613 -0.099033995443 -0.0444
0.190856357675 -0.0404703686056 -0.044
-0.113446377918 0.158836265813 -0.0436
-0.0236512969862 -0.19384111058 -0.0432
0.148444428839 0.127013430576 -0.0428
-0.195341792634 0.00661997359211 -0.0424
0.139628885972 -0.136893294949 -0.042
-0.0104924881012 0.195344177526 -0.0416
-0.124270001172 -0.151193673177 -0.0412
0.193845635709 0.0275541197741 -0.0408
-0.161616701569 0.110670148522 -0.0404
0.0444331249923 -0.190855173897 -0.04
0.0961970709702 0.170815583413 -0.0396
-0.186393383589 -0.0609989061735 -0.0392
0.178717289451 -0.0809610428003 -0.0388
-0.0771230837244 0.180492298885 -0.0384
-0.0650784304948 -0.185258732276 -0.038
0.173195164606 0.0926804993354 -0.0376
-0.190387272795 0.0486707957353 -0.0372
0.107550195533 -0.164556116389 -0.0368
0.0318639564898 0.194061145717 -0.0364
-0.15463977517 -0.121616363765 -0.036
0.19624980059 -0.0147870135054 -0.0356
-0.134769253545 0.143520759122 -0.0352
0.00242865019856 -0.196934155641 -0.0348
0.131283116768 0.14690603545 -0.0344
-0.196106762279 -0.0196503890177 -0.034
0.157931611166 -0.118019685623 -0.0336
-0.0367453256517 0.193771878875 -0.0332
-0.103831381305 -0.167759364139 -0.0328
0.18994545314 0.0535813851195 -0.0324
-0.176311844881 0.0888264226148 -0.032
0.0700283237913 -0.184655013111 -0.0316
0.0731194985856 0.183521385475 -0.0312
-0.177939467506 -0.0859587453579 -0.0308
0.189330638375 -0.0568308839672 -0.0304
-0.101249095755 0.169848816919 -0.03
-0.0400855100344 -0.193693035201 -0.0296
0.160443778003 0.115780629209 -0.0292
-0.196573161826 0.023011997953 -0.0288
0.129440337811 -0.149795323517 -0.0284
0.00574166224768 0.197947046744 -0.028
-0.137984141739 -0.142121837268 -0.0276
0.197802360355 0.0115925078458 -0.0272
-0.153726201868 0.125100019421 -0.0268
0.028856881177 -0.19613852352 -0.0264
0.111241153025 0.164162742039 -0.026
-0.192966724454 -0.0459182235431 -0.0256
0.173349718365 -0.0965133935935 -0.0252
-0.0626447344772 0.188309843721 -0.0248
-0.0810294311047 -0.181214986397 -0.0244
0.182202287853 0.0789070738337 -0.024
-0.187696567145 0.0649079246456 -0.0236
0.0945793701145 -0.174689732809 -0.0232
0.0482725851847 0.192743138709 -0.0228
-0.165828779199 -0.109540202617 -0.0224
0.196314445134 -0.0312512180849 -0.022
-0.123673549684 0.155686521923 -0.0216
-0.0139747328322 -0.198381619215 -0.0212
0.144340037504 0.136869695599 -0.0208
-0.198927416659 -0.00342387228717 -0.0204
0.149026088986 -0.131875793084 -0.02
-0.0208105426236 0.197946359693 -0.0196
-0.11838898166 -0.160048145948 -0.0192
0.195444788933 0.0380512086381 -0.0188
-0.169849991627 0.103982788692 -0.0184
0.0550128282595 -0.191440823042 -0.018
0.0887675958121 0.178355134307 -0.0176
-0.185964226424 -0.0715644219595 -0.0172
0.185497066758 -0.0728601278069 -0.0168
-0.0875780924318 0.179056185947 -0.0164
-0.0563825495307 -0.191219790054 -0.016
0.170768998363 0.102930020878 -0.0156
-0.195478255711 0.039461519792 -0.0152
0.117501432084 -0.161165670842 -0.0148
0.0222272095962 0.198238722639 -0.0144
-0.15031943769 -0.131179520705 -0.014
0.19947902607 -0.0048122924171 -0.0136
-0.14385833149 0.138313196988 -0.0132
0.0126490856113 -0.199188756292 -0.0128
0.125238871528 0.155439586523 -0.0124
-0.197369345768 -0.0300223475269 -0.012
0.165833452982 -0.111196699017 -0.0116
-0.047173531242 0.194034063891 -0.0112
-0.0962944570619 -0.174959245366 -0.0108
0.189207919392 0.0639703309303 -0.0104
-0.18274605668 0.0806466289926 -0.01
0.0802831259409 -0.182927471117 -0.0096
0.064373517017 0.189133313583 -0.0092
-0.175240548623 -0.0959859891777 -0.0088
0.194071251148 -0.0476003096417 -0.0084
-0.110957667043 0.166205884746 -0.008
-0.0304561106384 -0.197521303471 -0.0076
0.155892662992 0.125082523261 -0.0072
-0.199456407052 0.0130729371499 -0.0068
0.138251439181 -0.144379983253 -0.0064
-0.00441530523265 0.199861214546 -0.006
-0.13175625004 -0.150362663502 -0.0056
0.198732217176 0.021873862401 -0.0052
-0.161322604748 0.118118487958 -0.0048
0.0391681785336 -0.196077774851 -0.0044
0.103571589809 0.171046560282 -0.004
-0.191918053704 -0.0561649415772 -0.0036
0.179459376141 -0.0882275031669 -0.0032
-0.0727331192237 0.186284871549 -0.0028
-0.0722043617861 -0.186496032502 -0.0024
0.179221452426 0.0887449772686 -0.002
-0.192102150203 0.0556255686468 -0.0016
0.10407707238 -0.170782092167 -0.0012
0.0386188377944 0.19623441433 -0.000799999999998
-0.161031737574 -0.118611211501 -0.000399999999998
0.198860911552 -0.0213152024778 1.59496981594e-15
-0.132235370379 0.150045482507 0.000400000000002
-0.00384799734385 -0.199961378562 0.000800000000002
0.137907984808 0.144844564021 0.0012
-0.199527359666 -0.0136481773436 0.0016
0.156341662267 -0.124712808643 0.002
-0.0310385013559 0.197562272293 0.0024
-0.110561697394 -0.166638144101 0.0028
0.194081379915 0.0481889818362 0.0032
-0.175654784788 0.0955637827906 0.0036
0.0649674941242 -0.189111672583 0.004
0.0798347364955 0.183322270466 0.0044
-0.182691656037 -0.0812448079234 0.0048
0.189581735396 -0.0634958707656 0.0052
-0.0968955907793 0.174871051028 0.0056
-0.0466731952476 -0.194385217662 0.006
0.165710405237 0.111799381019 0.0064
-0.197696029771 0.0294964372905 0.0068
0.125841522539 -0.155280620829 0.0072
0.0120980334508 0.199489041269 0.0076
-0.143662401355 -0.138914054138 0.008
0.199750871173 0.00538789991278 0.0084
-0.150916546431 0.130945622352 0.0088
0.0228266088922 -0.198479988731 0.0092
0.117228630585 0.161756879826 0.0096
-0.195686721748 -0.0400837489703 0.01
0.171351957465 -0.102617477424 0.0104
-0.0570264284539 0.191393172443 0.0108
-0.0872250923902 -0.179628347589 0.0112
0.185633041504 0.0735242402331 0.0116
-0.186522850309 0.0711704033471 0.012
0.0894502737948 -0.178451361771 0.0124
0.0545774102424 0.191982984379 0.0128
-0.169904143646 -0.104682099578 0.0132
0.195967390185 -0.0375742196721 0.0136
-0.119102717974 0.160057935046 0.014
-0.020292047835 -0.19844614583 0.0144
0.148989299383 0.132601465563 0.0148
-0.199400993879 0.00286419969503 0.0152
0.145074871503 -0.136784215677 0.0156
-0.0145749676454 0.198825477035 0.016
-0.123537405553 -0.156427457402 0.0164
0.196724981705 0.0318910892418 0.0168
-0.166572474433 0.109351592404 0.0172
0.0489508360933 -0.193116689195 0.0176
0.0943366985813 0.175432571949 0.018
-0.188029434931 -0.0656229502491 0.0184
0.182940392421 -0.0786089868973 0.0188
-0.0817792631362 0.181503476884 0.0192
-0.062290153223 -0.189039088052 0.0196
0.173590175049 0.0972956891472 0.02
-0.193682755106 0.0455063772938 0.0204
0.112053186725 -0.164351584552 0.0208
0.0283873391874 0.196836782573 0.0212
-0.153859965622 -0.125938679439 0.0216
0.19847811251 -0.0110652091969 0.022
-0.138845929874 0.14219721431 0.0224
0.00632638097779 -0.198595410077 0.0228
0.129454218485 0.150676359514 0.0232
-0.197189142008 -0.0236533776491 0.0236
0.161339808246 -0.115730144194 0.024
-0.040782347027 0.19427156295 0.0244
-0.101131658015 -0.170755227584 0.0248
0.189866609871 0.0575815114095 0.0252
-0.178851302228 0.0857720915645 0.0256
0.0739217715698 -0.184009705418 0.026
0.0697705547293 0.18556699516 0.0264
-0.17674747185 -0.0896777073444 0.0268
0.19085201206 -0.0532510046173 0.0272
-0.104728548606 0.168137357856 0.0276
-0.0363412775565 -0.19466718148 0.028
0.158247181258 0.118959109042 0.0284
-0.196984747881 0.019172091754 0.0288
0.132260675457 -0.147154591256 0.0292
0.00187602845456 0.197788575295 0.0296
-0.134946454507 -0.144531845681 0.03
0.197074260129 0.0154135004014 0.0304
-0.155679308563 0.121718169906 0.0308
0.032563289921 -0.194849152294 0.0312
0.107572917523 0.165618559997 0.0316
-0.191132284593 -0.0494413772689 0.032
0.174274549445 -0.092620847631 0.0324
-0.065918065838 0.18595421102 0.0328
-0.076978216253 -0.181582251948 0.0332
0.179356755321 0.0818669305695 0.0336
-0.187487161244 0.0607664740508 0.034
0.097165796565 -0.171392671891 0.0344
0.0441113157459 0.191945700195 0.0348
-0.162125221769 -0.111697683353 0.0352
0.194925545409 -0.0271416975681 0.0356
-0.12535170745 0.151627667131 0.036
-0.00998883046578 -0.196405863624 0.0364
0.139982688354 0.138023936189 0.0368
-0.196377458076 -0.0072148430021 0.0372
0.149618186189 -0.12728172831 0.0376
-0.0243366800544 0.194842823845 0.038
-0.113624269104 -0.160046760263 0.0384
0.191816111835 0.041244869262 0.0388
-0.169231117079 0.0991170470319 0.0392
0.057809454222 -0.187323001798 0.0396
0.0838732119736 0.1771024684 0.04
-0.181400485508 -0.0739033413156 0.0404
0.183602299321 -0.0680114378924 0.0408
-0.0894032836717 0.17409656191 0.0412
-0.0516549914781 -0.188682807525 0.0416
0.165469846748 0.104190833652 0.042
-0.192307258225 0.0349307662938 0.0424
0.118153256431 -0.155589099858 0.0428
0.0179682900503 0.194450252128 0.0432
-0.144532673935 -0.131184397568 0.0436
0.195097904436 -0.000898712828447 0.044
-0.143185497818 0.132387889229 0.0444
0.0161462157827 -0.194247933621 0.0448
0.119250339172 0.15406594889 0.0452
-0.191909659401 -0.0330351725961 0.0456
0.163743984285 -0.105223132488 0.046
-0.0496382817291 0.188103910079 0.0464
-0.0904160778246 -0.172147299923 0.0468
0.182862840097 0.0658281224987 0.0472
-0.179213599773 0.0749448174097 0.0476
0.081480716419 -0.176229659399 0.048
0.0589299165899 0.184891062333 0.0484
-0.168258276849 -0.0964764855904 0.0488
0.189138724439 -0.0424959164834 0.0492
-0.110701175005 0.159012860651 0.0496
-0.0257703572372 -0.191926779496 0.05
0.148567319361 0.124046731589 0.0504
-0.193236787974 0.00888277960665 0.0508
0.136412133149 -0.137004707692 0.0512
-0.00803628726902 0.193061798621 0.0516
-0.124416561911 -0.147704160815 0.052
0.19140637964 0.0248563439209 0.0524
-0.157838108992 0.110902170177 0.0528
0.0414479364318 -0.188286559705 0.0532
0.0965677836449 0.16673842737 0.0536
-0.183729679472 -0.057683662169 0.054
0.174339290079 -0.0815257746647 0.0544
-0.0734391574876 0.177774154892 0.0548
-0.0658937487653 -0.180585087628 0.0552
0.170469154365 0.0885940596777 0.0556
-0.185430837933 0.0497936174975 0.056
0.103032935647 -0.161874192421 0.0564
0.0333506394909 0.188842513343 0.0568
-0.152058643291 -0.116646170106 0.0572
0.19079728126 -0.0166924373233 0.0576
-0.129330806347 0.141101178343 0.058
5.20020219395e-05 -0.191283656635 0.0584
0.129089131947 0.140991333114 0.0588
-0.190301565309 -0.0167533352221 0.0592
0.151540411474 -0.116117800919 0.0596
-0.0332828712603 0.187862317884 0.06
-0.102289683166 -0.160899536102 0.0604
0.183988494522 0.0495135727186 0.0608
-0.168999625917 0.0877136616501 0.0612
0.0653210418573 -0.178713741751 0.0616
0.0725041402222 0.175781539562 0.062
-0.172082483064 -0.0805844837582 0.0624
0.181196511849 -0.0567801381992 0.0628
-0.0951876390023 0.164149545784 0.0632
-0.0406643509182 -0.185206507889 0.0636
0.154979707304 0.109019678609 0.064
-0.187784492314 0.0242821837266 0.0644
0.12197605428 -0.144647164446 0.0648
0.00776076707189 0.188914611649 0.0652
-0.133234930309 -0.133959297346 0.0656
0.188592288609 0.00877203951181 0.066
-0.144879760261 0.120834163492 0.0664
0.0251886466536 -0.186824227764 0.0668
0.107543435152 0.154656294911 0.0672
-0.183628332746 -0.0413627297545 0.0676
0.163216862573 -0.0934679398068 0.068
-0.0571702111326 0.17903353585 0.0684
-0.078718656227 -0.170499070853 0.0688
0.173079541585 0.072490221995 0.0692
-0.176450633567 0.0634114651607 0.0696
0.0872060367065 -0.1658164864 0.07
0.0476662309382 0.181029750119 0.0704
-0.15730451748 -0.101205972059 0.0708
0.184205401589 -0.0316058542908 0.0712
-0.114384244541 0.14761329412 0.0716
-0.0153553039208 -0.185957561399 0.072
0.136821415816 0.126641778944 0.0724
-0.186277319118 -0.000959365485297 0.0728
0.137886962074 -0.125015781764 0.0732
-0.0172120010215 0.185166916648 0.0736
-0.112290886997 -0.148036335734 0.074
0.182639696732 0.0332773372956 0.0744
-0.157015223697 0.0987480608787 0.0748
0.0490319723598 -0.178719964432 0.0752
0.0844946541206 0.16475828788 0.0756
-0.173442762878 -0.0643553261597 0.076
0.171210009515 -0.0696431808718 0.0764
-0.0791305739831 0.166853565323 0.0768
-0.0543104227812 -0.176325091741 0.0772
0.159007886131 0.0932455476057 0.0776
-0.180068780628 0.0386165022118 0.078
0.106593597104 -0.149970814015 0.0784
0.0226839320144 0.182417102346 0.0788
-0.139816471433 -0.119074406638 0.0792
0.183357014822 -0.00663664943362 0.0796
-0.130594757883 0.128627404598 0.08
0.00940095816973 -0.182886472943 0.0804
0.116493909157 0.141069235233 0.0808
-0.181014407037 -0.0253050280566 0.0812
0.150420867359 -0.103513297034 0.0816
-0.0409531895959 0.177760615047 0.082
-0.0897891104082 -0.158581700243 0.0824
0.173155569511 0.0562255168691 0.0828
-0.165493297351 0.075430289221 0.0832
0.0710054588974 -0.167240141135 0.0836
0.0605502989207 0.171107163207 0.084
-0.160065241383 -0.0851807401992 0.0844
0.175385087253 -0.0452662254797 0.0848
-0.0986442246361 0.151691387184 0.0852
-0.0296978449489 -0.17829940551 0.0856
0.142188191418 0.111294735821 0.086
-0.179833178222 0.0139666749987 0.0864
0.123037827721 -0.131633783467 0.0868
-0.00180498398292 0.179980282345 0.0872
-0.120114164643 -0.133786499513 0.0876
0.178745418414 0.0174950105996 0.088
-0.143461849195 0.107722503802 0.0884
0.0329824193319 -0.176144032016 0.0888
0.094558378924 0.151993660971 0.0892
-0.172202150752 -0.0481483050224 0.0896
0.159320921965 -0.0807269708604 0.09
-0.0628767675105 0.166956138274 0.0904
-0.0663382157972 -0.165392264404 0.0908
0.160452367628 0.0770558091417 0.0912
-0.170166329999 0.0515059232985 0.0916
0.0905781981188 -0.152746816744 0.092
0.036346867053 0.173612053889 0.0924
-0.143904589575 -0.103342290952 0.0928
0.175708866189 -0.0209798556389 0.0932
-0.115252807616 0.133999366926 0.0936
-0.00552479075833 -0.176446809796 0.094
0.123112791596 0.126221553411 0.0944
-0.175826573823 -0.00989827952675 0.0948
0.136168081985 -0.111333792932 0.0952
-0.0251701050108 0.173859442694 0.0956
-0.0987578564055 -0.145020294436 0.096
0.170567161588 0.0401731675108 0.0964
-0.152714969969 0.0854862441993 0.0968
0.0547925975818 -0.165981719627 0.0972
0.0716251731948 0.159198224126 0.0976
-0.160145052807 -0.0689170665479 0.098
0.164425891192 -0.0572849570625 0.0984
-0.0824396468317 0.15310866935 0.0988
-0.0425791194187 -0.168363828032 0.0992
0.144933200745 0.0952586338445 0.0996
-0.170988137202 0.0276234852266 0.1
0.107278323028 -0.135687882319 0.1004
0.0125352577686 0.172285307884 0.1008
-0.125449967781 -0.118409736017 0.1012
0.172252273805 0.00256791139275 0.1016
-0.128571290328 0.114304082619 0.102
0.0175688520149 -0.170896388022 0.1024
0.102341521779 0.137689407435 0.1028
-0.168235315069 -0.0323517969154 0.1032
0.145699054624 -0.0896594974422 0.1036
-0.0468032885186 0.164296841673 0.104
-0.0763603430959 -0.152544216548 0.1044
0.159118607855 0.0608130630245 0.1048
-0.158178292996 0.0625506804498 0.1052
0.0742749052156 -0.152747760884 0.1056
0.0483405559986 0.162564419987 0.106
-0.145240535181 -0.0870874671831 0.1064
0.165675711921 -0.033842554267 0.1068
-0.0991550445621 0.136661761799 0.1072
-0.0191708949309 -0.167495423184 0.1076
0.127084311731 0.110388304235 0.108
-0.168017028221 0.00444052111406 0.1084
0.120704957866 -0.11658847776 0.1088
-0.0102338137958 0.167244219796 0.1092
-0.10526130006 -0.130030376104 0.1096
0.165190825772 0.0247384534823 0.11
-0.138298138754 0.0931958412013 0.1104
0.0389617329294 -0.161880645437 0.1108
0.0804904165984 0.145450516795 0.1112
-0.157347207022 -0.0527948524223 0.1116
0.151438882646 -0.0672477867514 0.112
-0.0661327243833 0.151633448703 0.1124
-0.0535743179552 -0.156224045702 0.1128
0.144791325975 0.0788747863544 0.1132
-0.159776510759 0.039579118352 0.1136
0.0909257737331 -0.136881348879 0.114
0.0253731563881 0.162076657588 0.1144
-0.12797205312 -0.102196446221 0.1148
0.16311484056 -0.0110683688496 0.1152
-0.112604262337 0.118139409612 0.1156
0.00322323429138 -0.162891407879 0.116
0.107466177501 0.122073996794 0.1164
-0.161416640612 -0.0173904609898 0.1168
0.130538296015 -0.0960412061233 0.1172
-0.0313238170298 0.158710612395 0.1176
-0.0839586917714 -0.137938167583 0.118
0.154802971276 0.0449163676653 0.1184
-0.144223399986 0.071317395468 0.1188
0.0580645741208 -0.149732645846 0.1192
0.0582198282544 0.149352909573 0.1196
-0.143547478362 -0.0706690983101 0.12
0.153295012253 -0.0447714107268 0.1204
-0.0826355694071 0.136303788167 0.1208
-0.0310796137447 -0.156027618098 0.1212
0.128065869291 0.0938753062459 0.1216
-0.157538347639 0.0172530873564 0.122
0.104305989903 -0.11890542658 0.1224
0.00340078505745 0.157824569256 0.1228
-0.108900955249 -0.113852281251 0.1232
0.156893357781 0.0103689094939 0.1236
-0.122446378722 0.0981370691316 0.124
0.0239490462268 -0.154761374977 0.1244
0.0867037833618 0.130028512069 0.1248
-0.151454673281 -0.0372349559044 0.1252
0.136547368378 -0.0746957575034 0.1256
-0.0501250740588 0.147008424761 0.126
-0.0622115055024 -0.141960447249 0.1264
0.141466577853 0.0625217350244 0.1268
-0.146234342553 0.0493525790409 0.1272
0.0743319297502 -0.134881445053 0.1276
0.0362227310836 0.14934494887 0.128
-0.127313225231 -0.085468021396 0.1284
0.151277591269 -0.0229270665319 0.1288
-0.0958484130818 0.118829464821 0.1292
-0.00957118698449 -0.152027077785 0.1296
0.109504462578 0.105398162581 0.13
-0.151597674513 -0.00373966338265 0.1304
0.114049539201 -0.0994186230445 0.1308
-0.0169014438368 0.150003003957 0.1312
-0.0886577642905 -0.121742518583 0.1316
0.147265867817 0.0298121481292 0.132
-0.128425211698 0.0773123858144 0.1324
0.0423726138232 -0.143417996074 0.1328
0.0654769028133 0.134054224842 0.1332
-0.1384997248 -0.0544873033866 0.1336
0.138594948049 -0.0532488532771 0.134
-0.0660650507813 0.132559605707 0.1344
-0.0407280845564 -0.14202176991 0.1348
0.12565395099 0.0770197675962 0.1352
-0.14431821742 0.0280159261966 0.1356
0.0872711031245 -0.117846317547 0.136
0.015214355917 0.145477020089 0.1364
-0.109206935141 -0.0967450531919 0.1368
0.145500098184 -0.00242516563972 0.1372
-0.105374512987 0.0998120835012 0.1376
0.0102508655559 -0.144398475599 0.138
0.089743423779 0.113099769621 0.1384
-0.142192118464 -0.0227147847613 0.1388
0.119868930681 -0.0790872901135 0.1392
-0.0348702582014 0.13890970122 0.1396
-0.0679339473786 -0.125638285541 0.14
0.134588302478 0.0466243373789 0.1404
-0.130372596834 0.0563768214318 0.1408
0.0578881921973 -0.129273033554 0.1412
0.0445117083915 0.134045320008 0.1416
-0.123016603106 -0.0685778051575 0.142
0.136638749538 -0.0324359696115 0.1424
-0.0786146210736 0.11587882185 0.1428
-0.0202477191186 -0.138144090972 0.1432
0.107926051761 0.0879261471424 0.1436
-0.138561458599 0.00804501030756 0.144
0.0964464986393 -0.0992306046551 0.1444
-0.00407497132919 0.137899799161 0.1448
-0.0898700954346 -0.104116885982 0.1452
0.13617674263 0.0160167027398 0.1456
-0.110886039412 0.0799267556173 0.146
0.0276870985564 -0.133418381693 0.1464
0.0694867131075 0.11671056808 0.1468
-0.129658982157 -0.0389962606666 0.1472
0.121555250877 -0.0586392444044 0.1476
-0.0498581959782 0.124940627075 0.148
-0.0474760056568 -0.125393256943 0.1484
0.11931279791 0.0601914965336 0.1488
-0.128206294379 0.0360902491207 0.1492
0.0699199764652 -0.112831896603 0.1496
0.0245760316755 0.129984686279 0.15
-0.105560712856 -0.0789732606736 0.1504
0.13072737385 -0.0130274220913 0.1508
-0.0872873205287 0.0975678413972 0.1512
-0.00153771372464 -0.130441846953 0.1516
0.0889270544181 0.0948049523628 0.152
-0.129144003049 -0.00980135075045 0.1524
0.101476195019 -0.0797166346781 0.1528
-0.0209003361001 0.126857936097 0.1532
-0.0700186751357 -0.107258683249 0.1536
0.123615657568 0.0316728464785 0.154
-0.112117934297 0.0599183511873 0.1544
0.0420362265035 -0.119456752264 0.1548
0.0495031718176 0.116027565604 0.1552
-0.114427972213 -0.0519122256808 0.1556
0.118969442121 -0.0388622161159 0.156
-0.0612276207289 0.10858277239 0.1564
-0.0280853617111 -0.12093375235 0.1568
0.101980792489 0.0699147907342 0.1572
-0.121919012829 0.017262511721 0.1576
0.0779122404834 -0.0946872894472 0.158
0.00648282679947 0.121932001364 0.1584
-0.086772525781 -0.0851650677777 0.1588
0.120987619962 0.00416603120159 0.1592
-0.0916253710238 0.0783111191642 0.1596
0.014598637566 -0.119108688941 0.16
0.0693813589993 0.0972525939161 0.1604
-0.116325674348 -0.0247325188246 0.1608
0.102013804574 -0.0600644959717 0.1612
-0.03448883666 0.112676351316 0.1616
-0.0504440107969 -0.105883907062 0.162
0.108205406551 0.0437930358968 0.1624
-0.108845783806 0.0406048685206 0.1628
0.052575451198 -0.102963983661 0.1632
0.03063276483 0.110890368017 0.1636
-0.0970091754694 -0.0607718674614 0.164
0.11201664582 -0.0206133708834 0.1644
-0.0683240293228 0.0904034679484 0.1648
-0.0106315831476 -0.112231588422 0.1652
0.083214140756 0.0751800956253 0.1656
-0.111550015199 0.000770784670976 0.166
0.0812950352047 -0.0755126297454 0.1664
-0.0088878759054 0.109994389229 0.1668
-0.0673738571081 -0.0866309608533 0.1672
0.107594547327 0.0182661814706 0.1676
-0.0911573988746 0.0588755350754 0.168
0.0272895138022 -0.104387367226 0.1684
0.0500974493048 0.0948514922031 0.1688
-0.100416375067 -0.0358874855407 0.1692
0.0976981356493 -0.041120728236 0.1696
-0.0439945314886 0.0957312968631 0.17
-0.0320271047967 -0.0996900424232 0.1704
0.0903875581022 0.0515504543173 0.1708
-0.100827741696 0.022898176882 0.1712
0.0585009201809 -0.0844457360557 0.1716
0.0138146730203 0.101119507561 0.172
-0.0779709697928 -0.0647979001941 0.1724
0.100581220366 -0.0048557295692 0.1728
-0.070400054224 0.0710323332382 0.1732
0.00390181433929 -0.0992361619817 0.1736
0.0637021769303 0.0752730539724 0.174
-0.0971147471562 -0.0123840980613 0.1744
0.0793898428812 -0.0560554444037 0.1748
-0.0205208911021 0.0942541936912 0.1752
-0.0481689693324 -0.0827308309728 0.1756
0.0906981347135 0.0282462096483 0.176
-0.0852840233439 0.0401207597419 0.1764
0.0354988927775 -0.086496176861 0.1768
0.0319892757107 0.0870450816503 0.1772
-0.081703408709 -0.0422231335329 0.1776
0.0880173185588 -0.0238527070521 0.178
-0.0483689604754 0.0763798642479 0.1784
-0.0157882574843 -0.0882116257962 0.1788
0.0705899466882 0.0538926657956 0.1792
-0.0876463370854 0.0078714417687 0.1796
0.0587571765749 -0.0644018183047 0.18
0.000175402229227 0.0863470279399 0.1804
-0.057886762456 -0.0629323663337 0.1808
0.084346254978 0.00722974904067 0.1812
-0.0663953045823 0.0511185243275 0.1816
0.0142775561097 -0.0816832381308 0.182
0.044172637356 0.0691304427081 0.1824
-0.078403489866 -0.0209058072513 0.1828
0.0711297351766 -0.0371257427361 0.1832
-0.0270570792152 0.074558396337 0.1836
-0.030054909893 -0.0723926957042 0.184
0.0702047562381 0.0326792319608 0.1844
-0.0729263887713 0.0230369663969 0.1848
0.037725848135 -0.0654042841295 0.1852
0.0161478465498 0.0727453575962 0.1856
-0.0602230861631 -0.0421566114979 0.186
0.0718714904829 -0.00946196891603 0.1864
-0.0459376182052 0.054731117599 0.1868
-0.00305165456045 -0.0703338283079 0.1872
0.0490016334111 0.0490416141969 0.1876
-0.0681683168369 -0.00301340001042 0.188
0.0514481506772 -0.043110645923 0.1884
-0.00866657777203 0.0654175085869 0.1888
-0.0371364072261 -0.053143647394 0.1892
0.0621302201136 0.013844701103 0.1896
-0.0541213494304 0.0311589399023 0.19
0.0184882650089 -0.0583611519502 0.1904
0.0252596486382 0.0543811562094 0.1908
-0.0541704800058 -0.0225414971983 0.1912
0.0539292889729 -0.0195210601885 0.1916
-0.0259521730655 0.0496234290751 0.192
-0.0140267645555 -0.0527777403467 0.1924
0.0447898411296 0.0286710678487 0.1928
-0.0509434068578 0.00886167578515 0.1932
0.0306508420318 -0.0397437527511 0.1936
0.004112816852 0.0484467206067 0.194
-0.0345629956097 -0.0318439842746 0.1944
0.0453094180134 0.000128993338138 0.1948
-0.0321990686588 0.0293288250277 0.1952
0.00376579393093 -0.0415506774442 0.1956
0.0241255427003 0.0316537231525 0.196
-0.03717983344 -0.00668580476635 0.1964
0.030120443671 -0.019039928389 0.1968
-0.00874921262833 0.0321809148158 0.1972
-0.0141596719475 -0.0274543929151 0.1976
0.0264738541676 0.00975371957311 0.198
-0.0233648139411 0.00956689445401 0.1984
0.00932843215046 -0.0197873786443 0.1988
0.00529982987838 0.0170666869444 0.1992
-0.0109205873108 -0.00637030397911 0.1996
