-0.125 0.625 -0.125
-0.125 0.625 -0.0833333
-0.125 0.625 -0.0416667
-0.125 0.625 0
-0.125 0.625 0.0416667
-0.125 0.625 0.0833333
-0.125 0.625 0.125
-0.0833333 0.625 -0.125
-0.0833333 0.625 -0.0833333
-0.0833333 0.625 -0.0416667
-0.0833333 0.625 0
-0.0833333 0.625 0.0416667
-0.0833333 0.625 0.0833333
-0.0833333 0.625 0.125
-0.0416667 0.625 -0.125
-0.0416667 0.625 -0.0833333
-0.0416667 0.625 -0.0416667
-0.0416667 0.625 0
-0.0416667 0.625 0.0416667
-0.0416667 0.625 0.0833333
-0.0416667 0.625 0.125
0 0.625 -0.125
0 0.625 -0.0833333
0 0.625 -0.0416667
0 0.625 0
0 0.625 0.0416667
0 0.625 0.0833333
0 0.625 0.125
0.0416667 0.625 -0.125
0.0416667 0.625 -0.0833333
0.0416667 0.625 -0.0416667
0.0416667 0.625 0
0.0416667 0.625 0.0416667
0.0416667 0.625 0.0833333
0.0416667 0.625 0.125
0.0833333 0.625 -0.125
0.0833333 0.625 -0.0833333
0.0833333 0.625 -0.0416667
0.0833333 0.625 0
0.0833333 0.625 0.0416667
0.0833333 0.625 0.0833333
0.0833333 0.625 0.125
0.125 0.625 -0.125
0.125 0.625 -0.0833333
0.125 0.625 -0.0416667
0.125 0.625 0
0.125 0.625 0.0416667
0.125 0.625 0.0833333
0.125 0.625 0.125
-0.125 0.588235 -0.125
-0.125 0.588235 -0.0833333
-0.125 0.588235 -0.0416667
-0.125 0.588235 0
-0.125 0.588235 0.0416667
-0.125 0.588235 0.0833333
-0.125 0.588235 0.125
-0.0833333 0.588235 -0.125
-0.0833333 0.588235 -0.0833333
-0.0833333 0.588235 -0.0416667
-0.0833333 0.588235 0
-0.0833333 0.588235 0.0416667
-0.0833333 0.588235 0.0833333
-0.0833333 0.588235 0.125
-0.0416667 0.588235 -0.125
-0.0416667 0.588235 -0.0833333
-0.0416667 0.588235 -0.0416667
-0.0416667 0.588235 0
-0.0416667 0.588235 0.0416667
-0.0416667 0.588235 0.0833333
-0.0416667 0.588235 0.125
0 0.588235 -0.125
0 0.588235 -0.0833333
0 0.588235 -0.0416667
0 0.588235 0
0 0.588235 0.0416667
0 0.588235 0.0833333
0 0.588235 0.125
0.0416667 0.588235 -0.125
0.0416667 0.588235 -0.0833333
0.0416667 0.588235 -0.0416667
0.0416667 0.588235 0
0.0416667 0.588235 0.0416667
0.0416667 0.588235 0.0833333
0.0416667 0.588235 0.125
0.0833333 0.588235 -0.125
0.0833333 0.588235 -0.0833333
0.0833333 0.588235 -0.0416667
0.0833333 0.588235 0
0.0833333 0.588235 0.0416667
0.0833333 0.588235 0.0833333
0.0833333 0.588235 0.125
0.125 0.588235 -0.125
0.125 0.588235 -0.0833333
0.125 0.588235 -0.0416667
0.125 0.588235 0
0.125 0.588235 0.0416667
0.125 0.588235 0.0833333
0.125 0.588235 0.125
-0.125 0.551471 -0.125
-0.125 0.551471 -0.0833333
-0.125 0.551471 -0.0416667
-0.125 0.551471 0
-0.125 0.551471 0.0416667
-0.125 0.551471 0.0833333
-0.125 0.551471 0.125
-0.0833333 0.551471 -0.125
-0.0833333 0.551471 -0.0833333
-0.0833333 0.551471 -0.0416667
-0.0833333 0.551471 0
-0.0833333 0.551471 0.0416667
-0.0833333 0.551471 0.0833333
-0.0833333 0.551471 0.125
-0.0416667 0.551471 -0.125
-0.0416667 0.551471 -0.0833333
-0.0416667 0.551471 -0.0416667
-0.0416667 0.551471 0
-0.0416667 0.551471 0.0416667
-0.0416667 0.551471 0.0833333
-0.0416667 0.551471 0.125
0 0.551471 -0.125
0 0.551471 -0.0833333
0 0.551471 -0.0416667
0 0.551471 0
0 0.551471 0.0416667
0 0.551471 0.0833333
0 0.551471 0.125
0.0416667 0.551471 -0.125
0.0416667 0.551471 -0.0833333
0.0416667 0.551471 -0.0416667
0.0416667 0.551471 0
0.0416667 0.551471 0.0416667
0.0416667 0.551471 0.0833333
0.0416667 0.551471 0.125
0.0833333 0.551471 -0.125
0.0833333 0.551471 -0.0833333
0.0833333 0.551471 -0.0416667
0.0833333 0.551471 0
0.0833333 0.551471 0.0416667
0.0833333 0.551471 0.0833333
0.0833333 0.551471 0.125
0.125 0.551471 -0.125
0.125 0.551471 -0.0833333
0.125 0.551471 -0.0416667
0.125 0.551471 0
0.125 0.551471 0.0416667
0.125 0.551471 0.0833333
0.125 0.551471 0.125
-0.125 0.514706 -0.125
-0.125 0.514706 -0.0833333
-0.125 0.514706 -0.0416667
-0.125 0.514706 0
-0.125 0.514706 0.0416667
-0.125 0.514706 0.0833333
-0.125 0.514706 0.125
-0.0833333 0.514706 -0.125
-0.0833333 0.514706 -0.0833333
-0.0833333 0.514706 -0.0416667
-0.0833333 0.514706 0
-0.0833333 0.514706 0.0416667
-0.0833333 0.514706 0.0833333
-0.0833333 0.514706 0.125
-0.0416667 0.514706 -0.125
-0.0416667 0.514706 -0.0833333
-0.0416667 0.514706 -0.0416667
-0.0416667 0.514706 0
-0.0416667 0.514706 0.0416667
-0.0416667 0.514706 0.0833333
-0.0416667 0.514706 0.125
0 0.514706 -0.125
0 0.514706 -0.0833333
0 0.514706 -0.0416667
0 0.514706 0
0 0.514706 0.0416667
0 0.514706 0.0833333
0 0.514706 0.125
0.0416667 0.514706 -0.125
0.0416667 0.514706 -0.0833333
0.0416667 0.514706 -0.0416667
0.0416667 0.514706 0
0.0416667 0.514706 0.0416667
0.0416667 0.514706 0.0833333
0.0416667 0.514706 0.125
0.0833333 0.514706 -0.125
0.0833333 0.514706 -0.0833333
0.0833333 0.514706 -0.0416667
0.0833333 0.514706 0
0.0833333 0.514706 0.0416667
0.0833333 0.514706 0.0833333
0.0833333 0.514706 0.125
0.125 0.514706 -0.125
0.125 0.514706 -0.0833333
0.125 0.514706 -0.0416667
0.125 0.514706 0
0.125 0.514706 0.0416667
0.125 0.514706 0.0833333
0.125 0.514706 0.125
-0.125 0.477941 -0.125
-0.125 0.477941 -0.0833333
-0.125 0.477941 -0.0416667
-0.125 0.477941 0
-0.125 0.477941 0.0416667
-0.125 0.477941 0.0833333
-0.125 0.477941 0.125
-0.0833333 0.477941 -0.125
-0.0833333 0.477941 -0.0833333
-0.0833333 0.477941 -0.0416667
-0.0833333 0.477941 0
-0.0833333 0.477941 0.0416667
-0.0833333 0.477941 0.0833333
-0.0833333 0.477941 0.125
-0.0416667 0.477941 -0.125
-0.0416667 0.477941 -0.0833333
-0.0416667 0.477941 -0.0416667
-0.0416667 0.477941 0
-0.0416667 0.477941 0.0416667
-0.0416667 0.477941 0.0833333
-0.0416667 0.477941 0.125
0 0.477941 -0.125
0 0.477941 -0.0833333
0 0.477941 -0.0416667
0 0.477941 0
0 0.477941 0.0416667
0 0.477941 0.0833333
0 0.477941 0.125
0.0416667 0.477941 -0.125
0.0416667 0.477941 -0.0833333
0.0416667 0.477941 -0.0416667
0.0416667 0.477941 0
0.0416667 0.477941 0.0416667
0.0416667 0.477941 0.0833333
0.0416667 0.477941 0.125
0.0833333 0.477941 -0.125
0.0833333 0.477941 -0.0833333
0.0833333 0.477941 -0.0416667
0.0833333 0.477941 0
0.0833333 0.477941 0.0416667
0.0833333 0.477941 0.0833333
0.0833333 0.477941 0.125
0.125 0.477941 -0.125
0.125 0.477941 -0.0833333
0.125 0.477941 -0.0416667
0.125 0.477941 0
0.125 0.477941 0.0416667
0.125 0.477941 0.0833333
0.125 0.477941 0.125
-0.125 0.441176 -0.125
-0.125 0.441176 -0.0833333
-0.125 0.441176 -0.0416667
-0.125 0.441176 0
-0.125 0.441176 0.0416667
-0.125 0.441176 0.0833333
-0.125 0.441176 0.125
-0.0833333 0.441176 -0.125
-0.0833333 0.441176 -0.0833333
-0.0833333 0.441176 -0.0416667
-0.0833333 0.441176 0
-0.0833333 0.441176 0.0416667
-0.0833333 0.441176 0.0833333
-0.0833333 0.441176 0.125
-0.0416667 0.441176 -0.125
-0.0416667 0.441176 -0.0833333
-0.0416667 0.441176 -0.0416667
-0.0416667 0.441176 0
-0.0416667 0.441176 0.0416667
-0.0416667 0.441176 0.0833333
-0.0416667 0.441176 0.125
0 0.441176 -0.125
0 0.441176 -0.0833333
0 0.441176 -0.0416667
0 0.441176 0
0 0.441176 0.0416667
0 0.441176 0.0833333
0 0.441176 0.125
0.0416667 0.441176 -0.125
0.0416667 0.441176 -0.0833333
0.0416667 0.441176 -0.0416667
0.0416667 0.441176 0
0.0416667 0.441176 0.0416667
0.0416667 0.441176 0.0833333
0.0416667 0.441176 0.125
0.0833333 0.441176 -0.125
0.0833333 0.441176 -0.0833333
0.0833333 0.441176 -0.0416667
0.0833333 0.441176 0
0.0833333 0.441176 0.0416667
0.0833333 0.441176 0.0833333
0.0833333 0.441176 0.125
0.125 0.441176 -0.125
0.125 0.441176 -0.0833333
0.125 0.441176 -0.0416667
0.125 0.441176 0
0.125 0.441176 0.0416667
0.125 0.441176 0.0833333
0.125 0.441176 0.125
-0.125 0.404412 -0.125
-0.125 0.404412 -0.0833333
-0.125 0.404412 -0.0416667
-0.125 0.404412 0
-0.125 0.404412 0.0416667
-0.125 0.404412 0.0833333
-0.125 0.404412 0.125
-0.0833333 0.404412 -0.125
-0.0833333 0.404412 -0.0833333
-0.0833333 0.404412 -0.0416667
-0.0833333 0.404412 0
-0.0833333 0.404412 0.0416667
-0.0833333 0.404412 0.0833333
-0.0833333 0.404412 0.125
-0.0416667 0.404412 -0.125
-0.0416667 0.404412 -0.0833333
-0.0416667 0.404412 -0.0416667
-0.0416667 0.404412 0
-0.0416667 0.404412 0.0416667
-0.0416667 0.404412 0.0833333
-0.0416667 0.404412 0.125
0 0.404412 -0.125
0 0.404412 -0.0833333
0 0.404412 -0.0416667
0 0.404412 0
0 0.404412 0.0416667
0 0.404412 0.0833333
0 0.404412 0.125
0.0416667 0.404412 -0.125
0.0416667 0.404412 -0.0833333
0.0416667 0.404412 -0.0416667
0.0416667 0.404412 0
0.0416667 0.404412 0.0416667
0.0416667 0.404412 0.0833333
0.0416667 0.404412 0.125
0.0833333 0.404412 -0.125
0.0833333 0.404412 -0.0833333
0.0833333 0.404412 -0.0416667
0.0833333 0.404412 0
0.0833333 0.404412 0.0416667
0.0833333 0.404412 0.0833333
0.0833333 0.404412 0.125
0.125 0.404412 -0.125
0.125 0.404412 -0.0833333
0.125 0.404412 -0.0416667
0.125 0.404412 0
0.125 0.404412 0.0416667
0.125 0.404412 0.0833333
0.125 0.404412 0.125
-0.125 0.367647 -0.125
-0.125 0.367647 -0.0833333
-0.125 0.367647 -0.0416667
-0.125 0.367647 0
-0.125 0.367647 0.0416667
-0.125 0.367647 0.0833333
-0.125 0.367647 0.125
-0.0833333 0.367647 -0.125
-0.0833333 0.367647 -0.0833333
-0.0833333 0.367647 -0.0416667
-0.0833333 0.367647 0
-0.0833333 0.367647 0.0416667
-0.0833333 0.367647 0.0833333
-0.0833333 0.367647 0.125
-0.0416667 0.367647 -0.125
-0.0416667 0.367647 -0.0833333
-0.0416667 0.367647 -0.0416667
-0.0416667 0.367647 0
-0.0416667 0.367647 0.0416667
-0.0416667 0.367647 0.0833333
-0.0416667 0.367647 0.125
0 0.367647 -0.125
0 0.367647 -0.0833333
0 0.367647 -0.0416667
0 0.367647 0
0 0.367647 0.0416667
0 0.367647 0.0833333
0 0.367647 0.125
0.0416667 0.367647 -0.125
0.0416667 0.367647 -0.0833333
0.0416667 0.367647 -0.0416667
0.0416667 0.367647 0
0.0416667 0.367647 0.0416667
0.0416667 0.367647 0.0833333
0.0416667 0.367647 0.125
0.0833333 0.367647 -0.125
0.0833333 0.367647 -0.0833333
0.0833333 0.367647 -0.0416667
0.0833333 0.367647 0
0.0833333 0.367647 0.0416667
0.0833333 0.367647 0.0833333
0.0833333 0.367647 0.125
0.125 0.367647 -0.125
0.125 0.367647 -0.0833333
0.125 0.367647 -0.0416667
0.125 0.367647 0
0.125 0.367647 0.0416667
0.125 0.367647 0.0833333
0.125 0.367647 0.125
-0.125 0.330882 -0.125
-0.125 0.330882 -0.0833333
-0.125 0.330882 -0.0416667
-0.125 0.330882 0
-0.125 0.330882 0.0416667
-0.125 0.330882 0.0833333
-0.125 0.330882 0.125
-0.0833333 0.330882 -0.125
-0.0833333 0.330882 -0.0833333
-0.0833333 0.330882 -0.0416667
-0.0833333 0.330882 0
-0.0833333 0.330882 0.0416667
-0.0833333 0.330882 0.0833333
-0.0833333 0.330882 0.125
-0.0416667 0.330882 -0.125
-0.0416667 0.330882 -0.0833333
-0.0416667 0.330882 -0.0416667
-0.0416667 0.330882 0
-0.0416667 0.330882 0.0416667
-0.0416667 0.330882 0.0833333
-0.0416667 0.330882 0.125
0 0.330882 -0.125
0 0.330882 -0.0833333
0 0.330882 -0.0416667
0 0.330882 0
0 0.330882 0.0416667
0 0.330882 0.0833333
0 0.330882 0.125
0.0416667 0.330882 -0.125
0.0416667 0.330882 -0.0833333
0.0416667 0.330882 -0.0416667
0.0416667 0.330882 0
0.0416667 0.330882 0.0416667
0.0416667 0.330882 0.0833333
0.0416667 0.330882 0.125
0.0833333 0.330882 -0.125
0.0833333 0.330882 -0.0833333
0.0833333 0.330882 -0.0416667
0.0833333 0.330882 0
0.0833333 0.330882 0.0416667
0.0833333 0.330882 0.0833333
0.0833333 0.330882 0.125
0.125 0.330882 -0.125
0.125 0.330882 -0.0833333
0.125 0.330882 -0.0416667
0.125 0.330882 0
0.125 0.330882 0.0416667
0.125 0.330882 0.0833333
0.125 0.330882 0.125
-0.125 0.294118 -0.125
-0.125 0.294118 -0.0833333
-0.125 0.294118 -0.0416667
-0.125 0.294118 0
-0.125 0.294118 0.0416667
-0.125 0.294118 0.0833333
-0.125 0.294118 0.125
-0.0833333 0.294118 -0.125
-0.0833333 0.294118 -0.0833333
-0.0833333 0.294118 -0.0416667
-0.0833333 0.294118 0
-0.0833333 0.294118 0.0416667
-0.0833333 0.294118 0.0833333
-0.0833333 0.294118 0.125
-0.0416667 0.294118 -0.125
-0.0416667 0.294118 -0.0833333
-0.0416667 0.294118 -0.0416667
-0.0416667 0.294118 0
-0.0416667 0.294118 0.0416667
-0.0416667 0.294118 0.0833333
-0.0416667 0.294118 0.125
0 0.294118 -0.125
0 0.294118 -0.0833333
0 0.294118 -0.0416667
0 0.294118 0
0 0.294118 0.0416667
0 0.294118 0.0833333
0 0.294118 0.125
0.0416667 0.294118 -0.125
0.0416667 0.294118 -0.0833333
0.0416667 0.294118 -0.0416667
0.0416667 0.294118 0
0.0416667 0.294118 0.0416667
0.0416667 0.294118 0.0833333
0.0416667 0.294118 0.125
0.0833333 0.294118 -0.125
0.0833333 0.294118 -0.0833333
0.0833333 0.294118 -0.0416667
0.0833333 0.294118 0
0.0833333 0.294118 0.0416667
0.0833333 0.294118 0.0833333
0.0833333 0.294118 0.125
0.125 0.294118 -0.125
0.125 0.294118 -0.0833333
0.125 0.294118 -0.0416667
0.125 0.294118 0
0.125 0.294118 0.0416667
0.125 0.294118 0.0833333
0.125 0.294118 0.125
-0.125 0.257353 -0.125
-0.125 0.257353 -0.0833333
-0.125 0.257353 -0.0416667
-0.125 0.257353 0
-0.125 0.257353 0.0416667
-0.125 0.257353 0.0833333
-0.125 0.257353 0.125
-0.0833333 0.257353 -0.125
-0.0833333 0.257353 -0.0833333
-0.0833333 0.257353 -0.0416667
-0.0833333 0.257353 0
-0.0833333 0.257353 0.0416667
-0.0833333 0.257353 0.0833333
-0.0833333 0.257353 0.125
-0.0416667 0.257353 -0.125
-0.0416667 0.257353 -0.0833333
-0.0416667 0.257353 -0.0416667
-0.0416667 0.257353 0
-0.0416667 0.257353 0.0416667
-0.0416667 0.257353 0.0833333
-0.0416667 0.257353 0.125
0 0.257353 -0.125
0 0.257353 -0.0833333
0 0.257353 -0.0416667
0 0.257353 0
0 0.257353 0.0416667
0 0.257353 0.0833333
0 0.257353 0.125
0.0416667 0.257353 -0.125
0.0416667 0.257353 -0.0833333
0.0416667 0.257353 -0.0416667
0.0416667 0.257353 0
0.0416667 0.257353 0.0416667
0.0416667 0.257353 0.0833333
0.0416667 0.257353 0.125
0.0833333 0.257353 -0.125
0.0833333 0.257353 -0.0833333
0.0833333 0.257353 -0.0416667
0.0833333 0.257353 0
0.0833333 0.257353 0.0416667
0.0833333 0.257353 0.0833333
0.0833333 0.257353 0.125
0.125 0.257353 -0.125
0.125 0.257353 -0.0833333
0.125 0.257353 -0.0416667
0.125 0.257353 0
0.125 0.257353 0.0416667
0.125 0.257353 0.0833333
0.125 0.257353 0.125
-0.125 0.220588 -0.125
-0.125 0.220588 -0.0833333
-0.125 0.220588 -0.0416667
-0.125 0.220588 0
-0.125 0.220588 0.0416667
-0.125 0.220588 0.0833333
-0.125 0.220588 0.125
-0.0833333 0.220588 -0.125
-0.0833333 0.220588 -0.0833333
-0.0833333 0.220588 -0.0416667
-0.0833333 0.220588 0
-0.0833333 0.220588 0.0416667
-0.0833333 0.220588 0.0833333
-0.0833333 0.220588 0.125
-0.0416667 0.220588 -0.125
-0.0416667 0.220588 -0.0833333
-0.0416667 0.220588 -0.0416667
-0.0416667 0.220588 0
-0.0416667 0.220588 0.0416667
-0.0416667 0.220588 0.0833333
-0.0416667 0.220588 0.125
0 0.220588 -0.125
0 0.220588 -0.0833333
0 0.220588 -0.0416667
0 0.220588 0
0 0.220588 0.0416667
0 0.220588 0.0833333
0 0.220588 0.125
0.0416667 0.220588 -0.125
0.0416667 0.220588 -0.0833333
0.0416667 0.220588 -0.0416667
0.0416667 0.220588 0
0.0416667 0.220588 0.0416667
0.0416667 0.220588 0.0833333
0.0416667 0.220588 0.125
0.0833333 0.220588 -0.125
0.0833333 0.220588 -0.0833333
0.0833333 0.220588 -0.0416667
0.0833333 0.220588 0
0.0833333 0.220588 0.0416667
0.0833333 0.220588 0.0833333
0.0833333 0.220588 0.125
0.125 0.220588 -0.125
0.125 0.220588 -0.0833333
0.125 0.220588 -0.0416667
0.125 0.220588 0
0.125 0.220588 0.0416667
0.125 0.220588 0.0833333
0.125 0.220588 0.125
-0.125 0.183824 -0.125
-0.125 0.183824 -0.0833333
-0.125 0.183824 -0.0416667
-0.125 0.183824 0
-0.125 0.183824 0.0416667
-0.125 0.183824 0.0833333
-0.125 0.183824 0.125
-0.0833333 0.183824 -0.125
-0.0833333 0.183824 -0.0833333
-0.0833333 0.183824 -0.0416667
-0.0833333 0.183824 0
-0.0833333 0.183824 0.0416667
-0.0833333 0.183824 0.0833333
-0.0833333 0.183824 0.125
-0.0416667 0.183824 -0.125
-0.0416667 0.183824 -0.0833333
-0.0416667 0.183824 -0.0416667
-0.0416667 0.183824 0
-0.0416667 0.183824 0.0416667
-0.0416667 0.183824 0.0833333
-0.0416667 0.183824 0.125
0 0.183824 -0.125
0 0.183824 -0.0833333
0 0.183824 -0.0416667
0 0.183824 0
0 0.183824 0.0416667
0 0.183824 0.0833333
0 0.183824 0.125
0.0416667 0.183824 -0.125
0.0416667 0.183824 -0.0833333
0.0416667 0.183824 -0.0416667
0.0416667 0.183824 0
0.0416667 0.183824 0.0416667
0.0416667 0.183824 0.0833333
0.0416667 0.183824 0.125
0.0833333 0.183824 -0.125
0.0833333 0.183824 -0.0833333
0.0833333 0.183824 -0.0416667
0.0833333 0.183824 0
0.0833333 0.183824 0.0416667
0.0833333 0.183824 0.0833333
0.0833333 0.183824 0.125
0.125 0.183824 -0.125
0.125 0.183824 -0.0833333
0.125 0.183824 -0.0416667
0.125 0.183824 0
0.125 0.183824 0.0416667
0.125 0.183824 0.0833333
0.125 0.183824 0.125
-0.125 0.147059 -0.125
-0.125 0.147059 -0.0833333
-0.125 0.147059 -0.0416667
-0.125 0.147059 0
-0.125 0.147059 0.0416667
-0.125 0.147059 0.0833333
-0.125 0.147059 0.125
-0.0833333 0.147059 -0.125
-0.0833333 0.147059 -0.0833333
-0.0833333 0.147059 -0.0416667
-0.0833333 0.147059 0
-0.0833333 0.147059 0.0416667
-0.0833333 0.147059 0.0833333
-0.0833333 0.147059 0.125
-0.0416667 0.147059 -0.125
-0.0416667 0.147059 -0.0833333
-0.0416667 0.147059 -0.0416667
-0.0416667 0.147059 0
-0.0416667 0.147059 0.0416667
-0.0416667 0.147059 0.0833333
-0.0416667 0.147059 0.125
0 0.147059 -0.125
0 0.147059 -0.0833333
0 0.147059 -0.0416667
0 0.147059 0
0 0.147059 0.0416667
0 0.147059 0.0833333
0 0.147059 0.125
0.0416667 0.147059 -0.125
0.0416667 0.147059 -0.0833333
0.0416667 0.147059 -0.0416667
0.0416667 0.147059 0
0.0416667 0.147059 0.0416667
0.0416667 0.147059 0.0833333
0.0416667 0.147059 0.125
0.0833333 0.147059 -0.125
0.0833333 0.147059 -0.0833333
0.0833333 0.147059 -0.0416667
0.0833333 0.147059 0
0.0833333 0.147059 0.0416667
0.0833333 0.147059 0.0833333
0.0833333 0.147059 0.125
0.125 0.147059 -0.125
0.125 0.147059 -0.0833333
0.125 0.147059 -0.0416667
0.125 0.147059 0
0.125 0.147059 0.0416667
0.125 0.147059 0.0833333
0.125 0.147059 0.125
-0.125 0.110294 -0.125
-0.125 0.110294 -0.0833333
-0.125 0.110294 -0.0416667
-0.125 0.110294 0
-0.125 0.110294 0.0416667
-0.125 0.110294 0.0833333
-0.125 0.110294 0.125
-0.0833333 0.110294 -0.125
-0.0833333 0.110294 -0.0833333
-0.0833333 0.110294 -0.0416667
-0.0833333 0.110294 0
-0.0833333 0.110294 0.0416667
-0.0833333 0.110294 0.0833333
-0.0833333 0.110294 0.125
-0.0416667 0.110294 -0.125
-0.0416667 0.110294 -0.0833333
-0.0416667 0.110294 -0.0416667
-0.0416667 0.110294 0
-0.0416667 0.110294 0.0416667
-0.0416667 0.110294 0.0833333
-0.0416667 0.110294 0.125
0 0.110294 -0.125
0 0.110294 -0.0833333
0 0.110294 -0.0416667
0 0.110294 0
0 0.110294 0.0416667
0 0.110294 0.0833333
0 0.110294 0.125
0.0416667 0.110294 -0.125
0.0416667 0.110294 -0.0833333
0.0416667 0.110294 -0.0416667
0.0416667 0.110294 0
0.0416667 0.110294 0.0416667
0.0416667 0.110294 0.0833333
0.0416667 0.110294 0.125
0.0833333 0.110294 -0.125
0.0833333 0.110294 -0.0833333
0.0833333 0.110294 -0.0416667
0.0833333 0.110294 0
0.0833333 0.110294 0.0416667
0.0833333 0.110294 0.0833333
0.0833333 0.110294 0.125
0.125 0.110294 -0.125
0.125 0.110294 -0.0833333
0.125 0.110294 -0.0416667
0.125 0.110294 0
0.125 0.110294 0.0416667
0.125 0.110294 0.0833333
0.125 0.110294 0.125
-0.125 0.0735294 -0.125
-0.125 0.0735294 -0.0833333
-0.125 0.0735294 -0.0416667
-0.125 0.0735294 0
-0.125 0.0735294 0.0416667
-0.125 0.0735294 0.0833333
-0.125 0.0735294 0.125
-0.0833333 0.0735294 -0.125
-0.0833333 0.0735294 -0.0833333
-0.0833333 0.0735294 -0.0416667
-0.0833333 0.0735294 0
-0.0833333 0.0735294 0.0416667
-0.0833333 0.0735294 0.0833333
-0.0833333 0.0735294 0.125
-0.0416667 0.0735294 -0.125
-0.0416667 0.0735294 -0.0833333
-0.0416667 0.0735294 -0.0416667
-0.0416667 0.0735294 0
-0.0416667 0.0735294 0.0416667
-0.0416667 0.0735294 0.0833333
-0.0416667 0.0735294 0.125
0 0.0735294 -0.125
0 0.0735294 -0.0833333
0 0.0735294 -0.0416667
0 0.0735294 0
0 0.0735294 0.0416667
0 0.0735294 0.0833333
0 0.0735294 0.125
0.0416667 0.0735294 -0.125
0.0416667 0.0735294 -0.0833333
0.0416667 0.0735294 -0.0416667
0.0416667 0.0735294 0
0.0416667 0.0735294 0.0416667
0.0416667 0.0735294 0.0833333
0.0416667 0.0735294 0.125
0.0833333 0.0735294 -0.125
0.0833333 0.0735294 -0.0833333
0.0833333 0.0735294 -0.0416667
0.0833333 0.0735294 0
0.0833333 0.0735294 0.0416667
0.0833333 0.0735294 0.0833333
0.0833333 0.0735294 0.125
0.125 0.0735294 -0.125
0.125 0.0735294 -0.0833333
0.125 0.0735294 -0.0416667
0.125 0.0735294 0
0.125 0.0735294 0.0416667
0.125 0.0735294 0.0833333
0.125 0.0735294 0.125
-0.125 0.0367647 -0.125
-0.125 0.0367647 -0.0833333
-0.125 0.0367647 -0.0416667
-0.125 0.0367647 0
-0.125 0.0367647 0.0416667
-0.125 0.0367647 0.0833333
-0.125 0.0367647 0.125
-0.0833333 0.0367647 -0.125
-0.0833333 0.0367647 -0.0833333
-0.0833333 0.0367647 -0.0416667
-0.0833333 0.0367647 0
-0.0833333 0.0367647 0.0416667
-0.0833333 0.0367647 0.0833333
-0.0833333 0.0367647 0.125
-0.0416667 0.0367647 -0.125
-0.0416667 0.0367647 -0.0833333
-0.0416667 0.0367647 -0.0416667
-0.0416667 0.0367647 0
-0.0416667 0.0367647 0.0416667
-0.0416667 0.0367647 0.0833333
-0.0416667 0.0367647 0.125
0 0.0367647 -0.125
0 0.0367647 -0.0833333
0 0.0367647 -0.0416667
0 0.0367647 0
0 0.0367647 0.0416667
0 0.0367647 0.0833333
0 0.0367647 0.125
0.0416667 0.0367647 -0.125
0.0416667 0.0367647 -0.0833333
0.0416667 0.0367647 -0.0416667
0.0416667 0.0367647 0
0.0416667 0.0367647 0.0416667
0.0416667 0.0367647 0.0833333
0.0416667 0.0367647 0.125
0.0833333 0.0367647 -0.125
0.0833333 0.0367647 -0.0833333
0.0833333 0.0367647 -0.0416667
0.0833333 0.0367647 0
0.0833333 0.0367647 0.0416667
0.0833333 0.0367647 0.0833333
0.0833333 0.0367647 0.125
0.125 0.0367647 -0.125
0.125 0.0367647 -0.0833333
0.125 0.0367647 -0.0416667
0.125 0.0367647 0
0.125 0.0367647 0.0416667
0.125 0.0367647 0.0833333
0.125 0.0367647 0.125
-0.125 0 -0.125
-0.125 0 -0.0833333
-0.125 0 -0.0416667
-0.125 0 0
-0.125 0 0.0416667
-0.125 0 0.0833333
-0.125 0 0.125
-0.0833333 0 -0.125
-0.0833333 0 -0.0833333
-0.0833333 0 -0.0416667
-0.0833333 0 0
-0.0833333 0 0.0416667
-0.0833333 0 0.0833333
-0.0833333 0 0.125
-0.0416667 0 -0.125
-0.0416667 0 -0.0833333
-0.0416667 0 -0.0416667
-0.0416667 0 0
-0.0416667 0 0.0416667
-0.0416667 0 0.0833333
-0.0416667 0 0.125
0 0 -0.125
0 0 -0.0833333
0 0 -0.0416667
0 0 0
0 0 0.0416667
0 0 0.0833333
0 0 0.125
0.0416667 0 -0.125
0.0416667 0 -0.0833333
0.0416667 0 -0.0416667
0.0416667 0 0
0.0416667 0 0.0416667
0.0416667 0 0.0833333
0.0416667 0 0.125
0.0833333 0 -0.125
0.0833333 0 -0.0833333
0.0833333 0 -0.0416667
0.0833333 0 0
0.0833333 0 0.0416667
0.0833333 0 0.0833333
0.0833333 0 0.125
0.125 0 -0.125
0.125 0 -0.0833333
0.125 0 -0.0416667
0.125 0 0
0.125 0 0.0416667
0.125 0 0.0833333
0.125 0 0.125
-0.125 -0.0367647 -0.125
-0.125 -0.0367647 -0.0833333
-0.125 -0.0367647 -0.0416667
-0.125 -0.0367647 0
-0.125 -0.0367647 0.0416667
-0.125 -0.0367647 0.0833333
-0.125 -0.0367647 0.125
-0.0833333 -0.0367647 -0.125
-0.0833333 -0.0367647 -0.0833333
-0.0833333 -0.0367647 -0.0416667
-0.0833333 -0.0367647 0
-0.0833333 -0.0367647 0.0416667
-0.0833333 -0.0367647 0.0833333
-0.0833333 -0.0367647 0.125
-0.0416667 -0.0367647 -0.125
-0.0416667 -0.0367647 -0.0833333
-0.0416667 -0.0367647 -0.0416667
-0.0416667 -0.0367647 0
-0.0416667 -0.0367647 0.0416667
-0.0416667 -0.0367647 0.0833333
-0.0416667 -0.0367647 0.125
0 -0.0367647 -0.125
0 -0.0367647 -0.0833333
0 -0.0367647 -0.0416667
0 -0.0367647 0
0 -0.0367647 0.0416667
0 -0.0367647 0.0833333
0 -0.0367647 0.125
0.0416667 -0.0367647 -0.125
0.0416667 -0.0367647 -0.0833333
0.0416667 -0.0367647 -0.0416667
0.0416667 -0.0367647 0
0.0416667 -0.0367647 0.0416667
0.0416667 -0.0367647 0.0833333
0.0416667 -0.0367647 0.125
0.0833333 -0.0367647 -0.125
0.0833333 -0.0367647 -0.0833333
0.0833333 -0.0367647 -0.0416667
0.0833333 -0.0367647 0
0.0833333 -0.0367647 0.0416667
0.0833333 -0.0367647 0.0833333
0.0833333 -0.0367647 0.125
0.125 -0.0367647 -0.125
0.125 -0.0367647 -0.0833333
0.125 -0.0367647 -0.0416667
0.125 -0.0367647 0
0.125 -0.0367647 0.0416667
0.125 -0.0367647 0.0833333
0.125 -0.0367647 0.125
-0.125 -0.0735294 -0.125
-0.125 -0.0735294 -0.0833333
-0.125 -0.0735294 -0.0416667
-0.125 -0.0735294 0
-0.125 -0.0735294 0.0416667
-0.125 -0.0735294 0.0833333
-0.125 -0.0735294 0.125
-0.0833333 -0.0735294 -0.125
-0.0833333 -0.0735294 -0.0833333
-0.0833333 -0.0735294 -0.0416667
-0.0833333 -0.0735294 0
-0.0833333 -0.0735294 0.0416667
-0.0833333 -0.0735294 0.0833333
-0.0833333 -0.0735294 0.125
-0.0416667 -0.0735294 -0.125
-0.0416667 -0.0735294 -0.0833333
-0.0416667 -0.0735294 -0.0416667
-0.0416667 -0.0735294 0
-0.0416667 -0.0735294 0.0416667
-0.0416667 -0.0735294 0.0833333
-0.0416667 -0.0735294 0.125
0 -0.0735294 -0.125
0 -0.0735294 -0.0833333
0 -0.0735294 -0.0416667
0 -0.0735294 0
0 -0.0735294 0.0416667
0 -0.0735294 0.0833333
0 -0.0735294 0.125
0.0416667 -0.0735294 -0.125
0.0416667 -0.0735294 -0.0833333
0.0416667 -0.0735294 -0.0416667
0.0416667 -0.0735294 0
0.0416667 -0.0735294 0.0416667
0.0416667 -0.0735294 0.0833333
0.0416667 -0.0735294 0.125
0.0833333 -0.0735294 -0.125
0.0833333 -0.0735294 -0.0833333
0.0833333 -0.0735294 -0.0416667
0.0833333 -0.0735294 0
0.0833333 -0.0735294 0.0416667
0.0833333 -0.0735294 0.0833333
0.0833333 -0.0735294 0.125
0.125 -0.0735294 -0.125
0.125 -0.0735294 -0.0833333
0.125 -0.0735294 -0.0416667
0.125 -0.0735294 0
0.125 -0.0735294 0.0416667
0.125 -0.0735294 0.0833333
0.125 -0.0735294 0.125
-0.125 -0.110294 -0.125
-0.125 -0.110294 -0.0833333
-0.125 -0.110294 -0.0416667
-0.125 -0.110294 0
-0.125 -0.110294 0.0416667
-0.125 -0.110294 0.0833333
-0.125 -0.110294 0.125
-0.0833333 -0.110294 -0.125
-0.0833333 -0.110294 -0.0833333
-0.0833333 -0.110294 -0.0416667
-0.0833333 -0.110294 0
-0.0833333 -0.110294 0.0416667
-0.0833333 -0.110294 0.0833333
-0.0833333 -0.110294 0.125
-0.0416667 -0.110294 -0.125
-0.0416667 -0.110294 -0.0833333
-0.0416667 -0.110294 -0.0416667
-0.0416667 -0.110294 0
-0.0416667 -0.110294 0.0416667
-0.0416667 -0.110294 0.0833333
-0.0416667 -0.110294 0.125
0 -0.110294 -0.125
0 -0.110294 -0.0833333
0 -0.110294 -0.0416667
0 -0.110294 0
0 -0.110294 0.0416667
0 -0.110294 0.0833333
0 -0.110294 0.125
0.0416667 -0.110294 -0.125
0.0416667 -0.110294 -0.0833333
0.0416667 -0.110294 -0.0416667
0.0416667 -0.110294 0
0.0416667 -0.110294 0.0416667
0.0416667 -0.110294 0.0833333
0.0416667 -0.110294 0.125
0.0833333 -0.110294 -0.125
0.0833333 -0.110294 -0.0833333
0.0833333 -0.110294 -0.0416667
0.0833333 -0.110294 0
0.0833333 -0.110294 0.0416667
0.0833333 -0.110294 0.0833333
0.0833333 -0.110294 0.125
0.125 -0.110294 -0.125
0.125 -0.110294 -0.0833333
0.125 -0.110294 -0.0416667
0.125 -0.110294 0
0.125 -0.110294 0.0416667
0.125 -0.110294 0.0833333
0.125 -0.110294 0.125
-0.125 -0.147059 -0.125
-0.125 -0.147059 -0.0833333
-0.125 -0.147059 -0.0416667
-0.125 -0.147059 0
-0.125 -0.147059 0.0416667
-0.125 -0.147059 0.0833333
-0.125 -0.147059 0.125
-0.0833333 -0.147059 -0.125
-0.0833333 -0.147059 -0.0833333
-0.0833333 -0.147059 -0.0416667
-0.0833333 -0.147059 0
-0.0833333 -0.147059 0.0416667
-0.0833333 -0.147059 0.0833333
-0.0833333 -0.147059 0.125
-0.0416667 -0.147059 -0.125
-0.0416667 -0.147059 -0.0833333
-0.0416667 -0.147059 -0.0416667
-0.0416667 -0.147059 0
-0.0416667 -0.147059 0.0416667
-0.0416667 -0.147059 0.0833333
-0.0416667 -0.147059 0.125
0 -0.147059 -0.125
0 -0.147059 -0.0833333
0 -0.147059 -0.0416667
0 -0.147059 0
0 -0.147059 0.0416667
0 -0.147059 0.0833333
0 -0.147059 0.125
0.0416667 -0.147059 -0.125
0.0416667 -0.147059 -0.0833333
0.0416667 -0.147059 -0.0416667
0.0416667 -0.147059 0
0.0416667 -0.147059 0.0416667
0.0416667 -0.147059 0.0833333
0.0416667 -0.147059 0.125
0.0833333 -0.147059 -0.125
0.0833333 -0.147059 -0.0833333
0.0833333 -0.147059 -0.0416667
0.0833333 -0.147059 0
0.0833333 -0.147059 0.0416667
0.0833333 -0.147059 0.0833333
0.0833333 -0.147059 0.125
0.125 -0.147059 -0.125
0.125 -0.147059 -0.0833333
0.125 -0.147059 -0.0416667
0.125 -0.147059 0
0.125 -0.147059 0.0416667
0.125 -0.147059 0.0833333
0.125 -0.147059 0.125
-0.125 -0.183824 -0.125
-0.125 -0.183824 -0.0833333
-0.125 -0.183824 -0.0416667
-0.125 -0.183824 0
-0.125 -0.183824 0.0416667
-0.125 -0.183824 0.0833333
-0.125 -0.183824 0.125
-0.0833333 -0.183824 -0.125
-0.0833333 -0.183824 -0.0833333
-0.0833333 -0.183824 -0.0416667
-0.0833333 -0.183824 0
-0.0833333 -0.183824 0.0416667
-0.0833333 -0.183824 0.0833333
-0.0833333 -0.183824 0.125
-0.0416667 -0.183824 -0.125
-0.0416667 -0.183824 -0.0833333
-0.0416667 -0.183824 -0.0416667
-0.0416667 -0.183824 0
-0.0416667 -0.183824 0.0416667
-0.0416667 -0.183824 0.0833333
-0.0416667 -0.183824 0.125
0 -0.183824 -0.125
0 -0.183824 -0.0833333
0 -0.183824 -0.0416667
0 -0.183824 0
0 -0.183824 0.0416667
0 -0.183824 0.0833333
0 -0.183824 0.125
0.0416667 -0.183824 -0.125
0.0416667 -0.183824 -0.0833333
0.0416667 -0.183824 -0.0416667
0.0416667 -0.183824 0
0.0416667 -0.183824 0.0416667
0.0416667 -0.183824 0.0833333
0.0416667 -0.183824 0.125
0.0833333 -0.183824 -0.125
0.0833333 -0.183824 -0.0833333
0.0833333 -0.183824 -0.0416667
0.0833333 -0.183824 0
0.0833333 -0.183824 0.0416667
0.0833333 -0.183824 0.0833333
0.0833333 -0.183824 0.125
0.125 -0.183824 -0.125
0.125 -0.183824 -0.0833333
0.125 -0.183824 -0.0416667
0.125 -0.183824 0
0.125 -0.183824 0.0416667
0.125 -0.183824 0.0833333
0.125 -0.183824 0.125
-0.125 -0.220588 -0.125
-0.125 -0.220588 -0.0833333
-0.125 -0.220588 -0.0416667
-0.125 -0.220588 0
-0.125 -0.220588 0.0416667
-0.125 -0.220588 0.0833333
-0.125 -0.220588 0.125
-0.0833333 -0.220588 -0.125
-0.0833333 -0.220588 -0.0833333
-0.0833333 -0.220588 -0.0416667
-0.0833333 -0.220588 0
-0.0833333 -0.220588 0.0416667
-0.0833333 -0.220588 0.0833333
-0.0833333 -0.220588 0.125
-0.0416667 -0.220588 -0.125
-0.0416667 -0.220588 -0.0833333
-0.0416667 -0.220588 -0.0416667
-0.0416667 -0.220588 0
-0.0416667 -0.220588 0.0416667
-0.0416667 -0.220588 0.0833333
-0.0416667 -0.220588 0.125
0 -0.220588 -0.125
0 -0.220588 -0.0833333
0 -0.220588 -0.0416667
0 -0.220588 0
0 -0.220588 0.0416667
0 -0.220588 0.0833333
0 -0.220588 0.125
0.0416667 -0.220588 -0.125
0.0416667 -0.220588 -0.0833333
0.0416667 -0.220588 -0.0416667
0.0416667 -0.220588 0
0.0416667 -0.220588 0.0416667
0.0416667 -0.220588 0.0833333
0.0416667 -0.220588 0.125
0.0833333 -0.220588 -0.125
0.0833333 -0.220588 -0.0833333
0.0833333 -0.220588 -0.0416667
0.0833333 -0.220588 0
0.0833333 -0.220588 0.0416667
0.0833333 -0.220588 0.0833333
0.0833333 -0.220588 0.125
0.125 -0.220588 -0.125
0.125 -0.220588 -0.0833333
0.125 -0.220588 -0.0416667
0.125 -0.220588 0
0.125 -0.220588 0.0416667
0.125 -0.220588 0.0833333
0.125 -0.220588 0.125
-0.125 -0.257353 -0.125
-0.125 -0.257353 -0.0833333
-0.125 -0.257353 -0.0416667
-0.125 -0.257353 0
-0.125 -0.257353 0.0416667
-0.125 -0.257353 0.0833333
-0.125 -0.257353 0.125
-0.0833333 -0.257353 -0.125
-0.0833333 -0.257353 -0.0833333
-0.0833333 -0.257353 -0.0416667
-0.0833333 -0.257353 0
-0.0833333 -0.257353 0.0416667
-0.0833333 -0.257353 0.0833333
-0.0833333 -0.257353 0.125
-0.0416667 -0.257353 -0.125
-0.0416667 -0.257353 -0.0833333
-0.0416667 -0.257353 -0.0416667
-0.0416667 -0.257353 0
-0.0416667 -0.257353 0.0416667
-0.0416667 -0.257353 0.0833333
-0.0416667 -0.257353 0.125
0 -0.257353 -0.125
0 -0.257353 -0.0833333
0 -0.257353 -0.0416667
0 -0.257353 0
0 -0.257353 0.0416667
0 -0.257353 0.0833333
0 -0.257353 0.125
0.0416667 -0.257353 -0.125
0.0416667 -0.257353 -0.0833333
0.0416667 -0.257353 -0.0416667
0.0416667 -0.257353 0
0.0416667 -0.257353 0.0416667
0.0416667 -0.257353 0.0833333
0.0416667 -0.257353 0.125
0.0833333 -0.257353 -0.125
0.0833333 -0.257353 -0.0833333
0.0833333 -0.257353 -0.0416667
0.0833333 -0.257353 0
0.0833333 -0.257353 0.0416667
0.0833333 -0.257353 0.0833333
0.0833333 -0.257353 0.125
0.125 -0.257353 -0.125
0.125 -0.257353 -0.0833333
0.125 -0.257353 -0.0416667
0.125 -0.257353 0
0.125 -0.257353 0.0416667
0.125 -0.257353 0.0833333
0.125 -0.257353 0.125
-0.125 -0.294118 -0.125
-0.125 -0.294118 -0.0833333
-0.125 -0.294118 -0.0416667
-0.125 -0.294118 0
-0.125 -0.294118 0.0416667
-0.125 -0.294118 0.0833333
-0.125 -0.294118 0.125
-0.0833333 -0.294118 -0.125
-0.0833333 -0.294118 -0.0833333
-0.0833333 -0.294118 -0.0416667
-0.0833333 -0.294118 0
-0.0833333 -0.294118 0.0416667
-0.0833333 -0.294118 0.0833333
-0.0833333 -0.294118 0.125
-0.0416667 -0.294118 -0.125
-0.0416667 -0.294118 -0.0833333
-0.0416667 -0.294118 -0.0416667
-0.0416667 -0.294118 0
-0.0416667 -0.294118 0.0416667
-0.0416667 -0.294118 0.0833333
-0.0416667 -0.294118 0.125
0 -0.294118 -0.125
0 -0.294118 -0.0833333
0 -0.294118 -0.0416667
0 -0.294118 0
0 -0.294118 0.0416667
0 -0.294118 0.0833333
0 -0.294118 0.125
0.0416667 -0.294118 -0.125
0.0416667 -0.294118 -0.0833333
0.0416667 -0.294118 -0.0416667
0.0416667 -0.294118 0
0.0416667 -0.294118 0.0416667
0.0416667 -0.294118 0.0833333
0.0416667 -0.294118 0.125
0.0833333 -0.294118 -0.125
0.0833333 -0.294118 -0.0833333
0.0833333 -0.294118 -0.0416667
0.0833333 -0.294118 0
0.0833333 -0.294118 0.0416667
0.0833333 -0.294118 0.0833333
0.0833333 -0.294118 0.125
0.125 -0.294118 -0.125
0.125 -0.294118 -0.0833333
0.125 -0.294118 -0.0416667
0.125 -0.294118 0
0.125 -0.294118 0.0416667
0.125 -0.294118 0.0833333
0.125 -0.294118 0.125
-0.125 -0.330882 -0.125
-0.125 -0.330882 -0.0833333
-0.125 -0.330882 -0.0416667
-0.125 -0.330882 0
-0.125 -0.330882 0.0416667
-0.125 -0.330882 0.0833333
-0.125 -0.330882 0.125
-0.0833333 -0.330882 -0.125
-0.0833333 -0.330882 -0.0833333
-0.0833333 -0.330882 -0.0416667
-0.0833333 -0.330882 0
-0.0833333 -0.330882 0.0416667
-0.0833333 -0.330882 0.0833333
-0.0833333 -0.330882 0.125
-0.0416667 -0.330882 -0.125
-0.0416667 -0.330882 -0.0833333
-0.0416667 -0.330882 -0.0416667
-0.0416667 -0.330882 0
-0.0416667 -0.330882 0.0416667
-0.0416667 -0.330882 0.0833333
-0.0416667 -0.330882 0.125
0 -0.330882 -0.125
0 -0.330882 -0.0833333
0 -0.330882 -0.0416667
0 -0.330882 0
0 -0.330882 0.0416667
0 -0.330882 0.0833333
0 -0.330882 0.125
0.0416667 -0.330882 -0.125
0.0416667 -0.330882 -0.0833333
0.0416667 -0.330882 -0.0416667
0.0416667 -0.330882 0
0.0416667 -0.330882 0.0416667
0.0416667 -0.330882 0.0833333
0.0416667 -0.330882 0.125
0.0833333 -0.330882 -0.125
0.0833333 -0.330882 -0.0833333
0.0833333 -0.330882 -0.0416667
0.0833333 -0.330882 0
0.0833333 -0.330882 0.0416667
0.0833333 -0.330882 0.0833333
0.0833333 -0.330882 0.125
0.125 -0.330882 -0.125
0.125 -0.330882 -0.0833333
0.125 -0.330882 -0.0416667
0.125 -0.330882 0
0.125 -0.330882 0.0416667
0.125 -0.330882 0.0833333
0.125 -0.330882 0.125
-0.125 -0.367647 -0.125
-0.125 -0.367647 -0.0833333
-0.125 -0.367647 -0.0416667
-0.125 -0.367647 0
-0.125 -0.367647 0.0416667
-0.125 -0.367647 0.0833333
-0.125 -0.367647 0.125
-0.0833333 -0.367647 -0.125
-0.0833333 -0.367647 -0.0833333
-0.0833333 -0.367647 -0.0416667
-0.0833333 -0.367647 0
-0.0833333 -0.367647 0.0416667
-0.0833333 -0.367647 0.0833333
-0.0833333 -0.367647 0.125
-0.0416667 -0.367647 -0.125
-0.0416667 -0.367647 -0.0833333
-0.0416667 -0.367647 -0.0416667
-0.0416667 -0.367647 0
-0.0416667 -0.367647 0.0416667
-0.0416667 -0.367647 0.0833333
-0.0416667 -0.367647 0.125
0 -0.367647 -0.125
0 -0.367647 -0.0833333
0 -0.367647 -0.0416667
0 -0.367647 0
0 -0.367647 0.0416667
0 -0.367647 0.0833333
0 -0.367647 0.125
0.0416667 -0.367647 -0.125
0.0416667 -0.367647 -0.0833333
0.0416667 -0.367647 -0.0416667
0.0416667 -0.367647 0
0.0416667 -0.367647 0.0416667
0.0416667 -0.367647 0.0833333
0.0416667 -0.367647 0.125
0.0833333 -0.367647 -0.125
0.0833333 -0.367647 -0.0833333
0.0833333 -0.367647 -0.0416667
0.0833333 -0.367647 0
0.0833333 -0.367647 0.0416667
0.0833333 -0.367647 0.0833333
0.0833333 -0.367647 0.125
0.125 -0.367647 -0.125
0.125 -0.367647 -0.0833333
0.125 -0.367647 -0.0416667
0.125 -0.367647 0
0.125 -0.367647 0.0416667
0.125 -0.367647 0.0833333
0.125 -0.367647 0.125
-0.125 -0.404412 -0.125
-0.125 -0.404412 -0.0833333
-0.125 -0.404412 -0.0416667
-0.125 -0.404412 0
-0.125 -0.404412 0.0416667
-0.125 -0.404412 0.0833333
-0.125 -0.404412 0.125
-0.0833333 -0.404412 -0.125
-0.0833333 -0.404412 -0.0833333
-0.0833333 -0.404412 -0.0416667
-0.0833333 -0.404412 0
-0.0833333 -0.404412 0.0416667
-0.0833333 -0.404412 0.0833333
-0.0833333 -0.404412 0.125
-0.0416667 -0.404412 -0.125
-0.0416667 -0.404412 -0.0833333
-0.0416667 -0.404412 -0.0416667
-0.0416667 -0.404412 0
-0.0416667 -0.404412 0.0416667
-0.0416667 -0.404412 0.0833333
-0.0416667 -0.404412 0.125
0 -0.404412 -0.125
0 -0.404412 -0.0833333
0 -0.404412 -0.0416667
0 -0.404412 0
0 -0.404412 0.0416667
0 -0.404412 0.0833333
0 -0.404412 0.125
0.0416667 -0.404412 -0.125
0.0416667 -0.404412 -0.0833333
0.0416667 -0.404412 -0.0416667
0.0416667 -0.404412 0
0.0416667 -0.404412 0.0416667
0.0416667 -0.404412 0.0833333
0.0416667 -0.404412 0.125
0.0833333 -0.404412 -0.125
0.0833333 -0.404412 -0.0833333
0.0833333 -0.404412 -0.0416667
0.0833333 -0.404412 0
0.0833333 -0.404412 0.0416667
0.0833333 -0.404412 0.0833333
0.0833333 -0.404412 0.125
0.125 -0.404412 -0.125
0.125 -0.404412 -0.0833333
0.125 -0.404412 -0.0416667
0.125 -0.404412 0
0.125 -0.404412 0.0416667
0.125 -0.404412 0.0833333
0.125 -0.404412 0.125
-0.125 -0.441176 -0.125
-0.125 -0.441176 -0.0833333
-0.125 -0.441176 -0.0416667
-0.125 -0.441176 0
-0.125 -0.441176 0.0416667
-0.125 -0.441176 0.0833333
-0.125 -0.441176 0.125
-0.0833333 -0.441176 -0.125
-0.0833333 -0.441176 -0.0833333
-0.0833333 -0.441176 -0.0416667
-0.0833333 -0.441176 0
-0.0833333 -0.441176 0.0416667
-0.0833333 -0.441176 0.0833333
-0.0833333 -0.441176 0.125
-0.0416667 -0.441176 -0.125
-0.0416667 -0.441176 -0.0833333
-0.0416667 -0.441176 -0.0416667
-0.0416667 -0.441176 0
-0.0416667 -0.441176 0.0416667
-0.0416667 -0.441176 0.0833333
-0.0416667 -0.441176 0.125
0 -0.441176 -0.125
0 -0.441176 -0.0833333
0 -0.441176 -0.0416667
0 -0.441176 0
0 -0.441176 0.0416667
0 -0.441176 0.0833333
0 -0.441176 0.125
0.0416667 -0.441176 -0.125
0.0416667 -0.441176 -0.0833333
0.0416667 -0.441176 -0.0416667
0.0416667 -0.441176 0
0.0416667 -0.441176 0.0416667
0.0416667 -0.441176 0.0833333
0.0416667 -0.441176 0.125
0.0833333 -0.441176 -0.125
0.0833333 -0.441176 -0.0833333
0.0833333 -0.441176 -0.0416667
0.0833333 -0.441176 0
0.0833333 -0.441176 0.0416667
0.0833333 -0.441176 0.0833333
0.0833333 -0.441176 0.125
0.125 -0.441176 -0.125
0.125 -0.441176 -0.0833333
0.125 -0.441176 -0.0416667
0.125 -0.441176 0
0.125 -0.441176 0.0416667
0.125 -0.441176 0.0833333
0.125 -0.441176 0.125
-0.125 -0.477941 -0.125
-0.125 -0.477941 -0.0833333
-0.125 -0.477941 -0.0416667
-0.125 -0.477941 0
-0.125 -0.477941 0.0416667
-0.125 -0.477941 0.0833333
-0.125 -0.477941 0.125
-0.0833333 -0.477941 -0.125
-0.0833333 -0.477941 -0.0833333
-0.0833333 -0.477941 -0.0416667
-0.0833333 -0.477941 0
-0.0833333 -0.477941 0.0416667
-0.0833333 -0.477941 0.0833333
-0.0833333 -0.477941 0.125
-0.0416667 -0.477941 -0.125
-0.0416667 -0.477941 -0.0833333
-0.0416667 -0.477941 -0.0416667
-0.0416667 -0.477941 0
-0.0416667 -0.477941 0.0416667
-0.0416667 -0.477941 0.0833333
-0.0416667 -0.477941 0.125
0 -0.477941 -0.125
0 -0.477941 -0.0833333
0 -0.477941 -0.0416667
0 -0.477941 0
0 -0.477941 0.0416667
0 -0.477941 0.0833333
0 -0.477941 0.125
0.0416667 -0.477941 -0.125
0.0416667 -0.477941 -0.0833333
0.0416667 -0.477941 -0.0416667
0.0416667 -0.477941 0
0.0416667 -0.477941 0.0416667
0.0416667 -0.477941 0.0833333
0.0416667 -0.477941 0.125
0.0833333 -0.477941 -0.125
0.0833333 -0.477941 -0.0833333
0.0833333 -0.477941 -0.0416667
0.0833333 -0.477941 0
0.0833333 -0.477941 0.0416667
0.0833333 -0.477941 0.0833333
0.0833333 -0.477941 0.125
0.125 -0.477941 -0.125
0.125 -0.477941 -0.0833333
0.125 -0.477941 -0.0416667
0.125 -0.477941 0
0.125 -0.477941 0.0416667
0.125 -0.477941 0.0833333
0.125 -0.477941 0.125
-0.125 -0.514706 -0.125
-0.125 -0.514706 -0.0833333
-0.125 -0.514706 -0.0416667
-0.125 -0.514706 0
-0.125 -0.514706 0.0416667
-0.125 -0.514706 0.0833333
-0.125 -0.514706 0.125
-0.0833333 -0.514706 -0.125
-0.0833333 -0.514706 -0.0833333
-0.0833333 -0.514706 -0.0416667
-0.0833333 -0.514706 0
-0.0833333 -0.514706 0.0416667
-0.0833333 -0.514706 0.0833333
-0.0833333 -0.514706 0.125
-0.0416667 -0.514706 -0.125
-0.0416667 -0.514706 -0.0833333
-0.0416667 -0.514706 -0.0416667
-0.0416667 -0.514706 0
-0.0416667 -0.514706 0.0416667
-0.0416667 -0.514706 0.0833333
-0.0416667 -0.514706 0.125
0 -0.514706 -0.125
0 -0.514706 -0.0833333
0 -0.514706 -0.0416667
0 -0.514706 0
0 -0.514706 0.0416667
0 -0.514706 0.0833333
0 -0.514706 0.125
0.0416667 -0.514706 -0.125
0.0416667 -0.514706 -0.0833333
0.0416667 -0.514706 -0.0416667
0.0416667 -0.514706 0
0.0416667 -0.514706 0.0416667
0.0416667 -0.514706 0.0833333
0.0416667 -0.514706 0.125
0.0833333 -0.514706 -0.125
0.0833333 -0.514706 -0.0833333
0.0833333 -0.514706 -0.0416667
0.0833333 -0.514706 0
0.0833333 -0.514706 0.0416667
0.0833333 -0.514706 0.0833333
0.0833333 -0.514706 0.125
0.125 -0.514706 -0.125
0.125 -0.514706 -0.0833333
0.125 -0.514706 -0.0416667
0.125 -0.514706 0
0.125 -0.514706 0.0416667
0.125 -0.514706 0.0833333
0.125 -0.514706 0.125
-0.125 -0.551471 -0.125
-0.125 -0.551471 -0.0833333
-0.125 -0.551471 -0.0416667
-0.125 -0.551471 0
-0.125 -0.551471 0.0416667
-0.125 -0.551471 0.0833333
-0.125 -0.551471 0.125
-0.0833333 -0.551471 -0.125
-0.0833333 -0.551471 -0.0833333
-0.0833333 -0.551471 -0.0416667
-0.0833333 -0.551471 0
-0.0833333 -0.551471 0.0416667
-0.0833333 -0.551471 0.0833333
-0.0833333 -0.551471 0.125
-0.0416667 -0.551471 -0.125
-0.0416667 -0.551471 -0.0833333
-0.0416667 -0.551471 -0.0416667
-0.0416667 -0.551471 0
-0.0416667 -0.551471 0.0416667
-0.0416667 -0.551471 0.0833333
-0.0416667 -0.551471 0.125
0 -0.551471 -0.125
0 -0.551471 -0.0833333
0 -0.551471 -0.0416667
0 -0.551471 0
0 -0.551471 0.0416667
0 -0.551471 0.0833333
0 -0.551471 0.125
0.0416667 -0.551471 -0.125
0.0416667 -0.551471 -0.0833333
0.0416667 -0.551471 -0.0416667
0.0416667 -0.551471 0
0.0416667 -0.551471 0.0416667
0.0416667 -0.551471 0.0833333
0.0416667 -0.551471 0.125
0.0833333 -0.551471 -0.125
0.0833333 -0.551471 -0.0833333
0.0833333 -0.551471 -0.0416667
0.0833333 -0.551471 0
0.0833333 -0.551471 0.0416667
0.0833333 -0.551471 0.0833333
0.0833333 -0.551471 0.125
0.125 -0.551471 -0.125
0.125 -0.551471 -0.0833333
0.125 -0.551471 -0.0416667
0.125 -0.551471 0
0.125 -0.551471 0.0416667
0.125 -0.551471 0.0833333
0.125 -0.551471 0.125
-0.125 -0.588235 -0.125
-0.125 -0.588235 -0.0833333
-0.125 -0.588235 -0.0416667
-0.125 -0.588235 0
-0.125 -0.588235 0.0416667
-0.125 -0.588235 0.0833333
-0.125 -0.588235 0.125
-0.0833333 -0.588235 -0.125
-0.0833333 -0.588235 -0.0833333
-0.0833333 -0.588235 -0.0416667
-0.0833333 -0.588235 0
-0.0833333 -0.588235 0.0416667
-0.0833333 -0.588235 0.0833333
-0.0833333 -0.588235 0.125
-0.0416667 -0.588235 -0.125
-0.0416667 -0.588235 -0.0833333
-0.0416667 -0.588235 -0.0416667
-0.0416667 -0.588235 0
-0.0416667 -0.588235 0.0416667
-0.0416667 -0.588235 0.0833333
-0.0416667 -0.588235 0.125
0 -0.588235 -0.125
0 -0.588235 -0.0833333
0 -0.588235 -0.0416667
0 -0.588235 0
0 -0.588235 0.0416667
0 -0.588235 0.0833333
0 -0.588235 0.125
0.0416667 -0.588235 -0.125
0.0416667 -0.588235 -0.0833333
0.0416667 -0.588235 -0.0416667
0.0416667 -0.588235 0
0.0416667 -0.588235 0.0416667
0.0416667 -0.588235 0.0833333
0.0416667 -0.588235 0.125
0.0833333 -0.588235 -0.125
0.0833333 -0.588235 -0.0833333
0.0833333 -0.588235 -0.0416667
0.0833333 -0.588235 0
0.0833333 -0.588235 0.0416667
0.0833333 -0.588235 0.0833333
0.0833333 -0.588235 0.125
0.125 -0.588235 -0.125
0.125 -0.588235 -0.0833333
0.125 -0.588235 -0.0416667
0.125 -0.588235 0
0.125 -0.588235 0.0416667
0.125 -0.588235 0.0833333
0.125 -0.588235 0.125
-0.125 -0.625 -0.125
-0.125 -0.625 -0.0833333
-0.125 -0.625 -0.0416667
-0.125 -0.625 0
-0.125 -0.625 0.0416667
-0.125 -0.625 0.0833333
-0.125 -0.625 0.125
-0.0833333 -0.625 -0.125
-0.0833333 -0.625 -0.0833333
-0.0833333 -0.625 -0.0416667
-0.0833333 -0.625 0
-0.0833333 -0.625 0.0416667
-0.0833333 -0.625 0.0833333
-0.0833333 -0.625 0.125
-0.0416667 -0.625 -0.125
-0.0416667 -0.625 -0.0833333
-0.0416667 -0.625 -0.0416667
-0.0416667 -0.625 0
-0.0416667 -0.625 0.0416667
-0.0416667 -0.625 0.0833333
-0.0416667 -0.625 0.125
0 -0.625 -0.125
0 -0.625 -0.0833333
0 -0.625 -0.0416667
0 -0.625 0
0 -0.625 0.0416667
0 -0.625 0.0833333
0 -0.625 0.125
0.0416667 -0.625 -0.125
0.0416667 -0.625 -0.0833333
0.0416667 -0.625 -0.0416667
0.0416667 -0.625 0
0.0416667 -0.625 0.0416667
0.0416667 -0.625 0.0833333
0.0416667 -0.625 0.125
0.0833333 -0.625 -0.125
0.0833333 -0.625 -0.0833333
0.0833333 -0.625 -0.0416667
0.0833333 -0.625 0
0.0833333 -0.625 0.0416667
0.0833333 -0.625 0.0833333
0.0833333 -0.625 0.125
0.125 -0.625 -0.125
0.125 -0.625 -0.0833333
0.125 -0.625 -0.0416667
0.125 -0.625 0
0.125 -0.625 0.0416667
0.125 -0.625 0.0833333
0.125 -0.625 0.125