-0.125 0.625 -0.125
-0.125 0.625 -0.0625
-0.125 0.625 0
-0.125 0.625 0.0625
-0.125 0.625 0.125
-0.0625 0.625 -0.125
-0.0625 0.625 -0.0625
-0.0625 0.625 0
-0.0625 0.625 0.0625
-0.0625 0.625 0.125
0 0.625 -0.125
0 0.625 -0.0625
0 0.625 0
0 0.625 0.0625
0 0.625 0.125
0.0625 0.625 -0.125
0.0625 0.625 -0.0625
0.0625 0.625 0
0.0625 0.625 0.0625
0.0625 0.625 0.125
0.125 0.625 -0.125
0.125 0.625 -0.0625
0.125 0.625 0
0.125 0.625 0.0625
0.125 0.625 0.125
-0.125 0.572917 -0.125
-0.125 0.572917 -0.0625
-0.125 0.572917 0
-0.125 0.572917 0.0625
-0.125 0.572917 0.125
-0.0625 0.572917 -0.125
-0.0625 0.572917 -0.0625
-0.0625 0.572917 0
-0.0625 0.572917 0.0625
-0.0625 0.572917 0.125
0 0.572917 -0.125
0 0.572917 -0.0625
0 0.572917 0
0 0.572917 0.0625
0 0.572917 0.125
0.0625 0.572917 -0.125
0.0625 0.572917 -0.0625
0.0625 0.572917 0
0.0625 0.572917 0.0625
0.0625 0.572917 0.125
0.125 0.572917 -0.125
0.125 0.572917 -0.0625
0.125 0.572917 0
0.125 0.572917 0.0625
0.125 0.572917 0.125
-0.125 0.520833 -0.125
-0.125 0.520833 -0.0625
-0.125 0.520833 0
-0.125 0.520833 0.0625
-0.125 0.520833 0.125
-0.0625 0.520833 -0.125
-0.0625 0.520833 -0.0625
-0.0625 0.520833 0
-0.0625 0.520833 0.0625
-0.0625 0.520833 0.125
0 0.520833 -0.125
0 0.520833 -0.0625
0 0.520833 0
0 0.520833 0.0625
0 0.520833 0.125
0.0625 0.520833 -0.125
0.0625 0.520833 -0.0625
0.0625 0.520833 0
0.0625 0.520833 0.0625
0.0625 0.520833 0.125
0.125 0.520833 -0.125
0.125 0.520833 -0.0625
0.125 0.520833 0
0.125 0.520833 0.0625
0.125 0.520833 0.125
-0.125 0.46875 -0.125
-0.125 0.46875 -0.0625
-0.125 0.46875 0
-0.125 0.46875 0.0625
-0.125 0.46875 0.125
-0.0625 0.46875 -0.125
-0.0625 0.46875 -0.0625
-0.0625 0.46875 0
-0.0625 0.46875 0.0625
-0.0625 0.46875 0.125
0 0.46875 -0.125
0 0.46875 -0.0625
0 0.46875 0
0 0.46875 0.0625
0 0.46875 0.125
0.0625 0.46875 -0.125
0.0625 0.46875 -0.0625
0.0625 0.46875 0
0.0625 0.46875 0.0625
0.0625 0.46875 0.125
0.125 0.46875 -0.125
0.125 0.46875 -0.0625
0.125 0.46875 0
0.125 0.46875 0.0625
0.125 0.46875 0.125
-0.125 0.416667 -0.125
-0.125 0.416667 -0.0625
-0.125 0.416667 0
-0.125 0.416667 0.0625
-0.125 0.416667 0.125
-0.0625 0.416667 -0.125
-0.0625 0.416667 -0.0625
-0.0625 0.416667 0
-0.0625 0.416667 0.0625
-0.0625 0.416667 0.125
0 0.416667 -0.125
0 0.416667 -0.0625
0 0.416667 0
0 0.416667 0.0625
0 0.416667 0.125
0.0625 0.416667 -0.125
0.0625 0.416667 -0.0625
0.0625 0.416667 0
0.0625 0.416667 0.0625
0.0625 0.416667 0.125
0.125 0.416667 -0.125
0.125 0.416667 -0.0625
0.125 0.416667 0
0.125 0.416667 0.0625
0.125 0.416667 0.125
-0.125 0.364583 -0.125
-0.125 0.364583 -0.0625
-0.125 0.364583 0
-0.125 0.364583 0.0625
-0.125 0.364583 0.125
-0.0625 0.364583 -0.125
-0.0625 0.364583 -0.0625
-0.0625 0.364583 0
-0.0625 0.364583 0.0625
-0.0625 0.364583 0.125
0 0.364583 -0.125
0 0.364583 -0.0625
0 0.364583 0
0 0.364583 0.0625
0 0.364583 0.125
0.0625 0.364583 -0.125
0.0625 0.364583 -0.0625
0.0625 0.364583 0
0.0625 0.364583 0.0625
0.0625 0.364583 0.125
0.125 0.364583 -0.125
0.125 0.364583 -0.0625
0.125 0.364583 0
0.125 0.364583 0.0625
0.125 0.364583 0.125
-0.125 0.3125 -0.125
-0.125 0.3125 -0.0625
-0.125 0.3125 0
-0.125 0.3125 0.0625
-0.125 0.3125 0.125
-0.0625 0.3125 -0.125
-0.0625 0.3125 -0.0625
-0.0625 0.3125 0
-0.0625 0.3125 0.0625
-0.0625 0.3125 0.125
0 0.3125 -0.125
0 0.3125 -0.0625
0 0.3125 0
0 0.3125 0.0625
0 0.3125 0.125
0.0625 0.3125 -0.125
0.0625 0.3125 -0.0625
0.0625 0.3125 0
0.0625 0.3125 0.0625
0.0625 0.3125 0.125
0.125 0.3125 -0.125
0.125 0.3125 -0.0625
0.125 0.3125 0
0.125 0.3125 0.0625
0.125 0.3125 0.125
-0.125 0.260417 -0.125
-0.125 0.260417 -0.0625
-0.125 0.260417 0
-0.125 0.260417 0.0625
-0.125 0.260417 0.125
-0.0625 0.260417 -0.125
-0.0625 0.260417 -0.0625
-0.0625 0.260417 0
-0.0625 0.260417 0.0625
-0.0625 0.260417 0.125
0 0.260417 -0.125
0 0.260417 -0.0625
0 0.260417 0
0 0.260417 0.0625
0 0.260417 0.125
0.0625 0.260417 -0.125
0.0625 0.260417 -0.0625
0.0625 0.260417 0
0.0625 0.260417 0.0625
0.0625 0.260417 0.125
0.125 0.260417 -0.125
0.125 0.260417 -0.0625
0.125 0.260417 0
0.125 0.260417 0.0625
0.125 0.260417 0.125
-0.125 0.208333 -0.125
-0.125 0.208333 -0.0625
-0.125 0.208333 0
-0.125 0.208333 0.0625
-0.125 0.208333 0.125
-0.0625 0.208333 -0.125
-0.0625 0.208333 -0.0625
-0.0625 0.208333 0
-0.0625 0.208333 0.0625
-0.0625 0.208333 0.125
0 0.208333 -0.125
0 0.208333 -0.0625
0 0.208333 0
0 0.208333 0.0625
0 0.208333 0.125
0.0625 0.208333 -0.125
0.0625 0.208333 -0.0625
0.0625 0.208333 0
0.0625 0.208333 0.0625
0.0625 0.208333 0.125
0.125 0.208333 -0.125
0.125 0.208333 -0.0625
0.125 0.208333 0
0.125 0.208333 0.0625
0.125 0.208333 0.125
-0.125 0.15625 -0.125
-0.125 0.15625 -0.0625
-0.125 0.15625 0
-0.125 0.15625 0.0625
-0.125 0.15625 0.125
-0.0625 0.15625 -0.125
-0.0625 0.15625 -0.0625
-0.0625 0.15625 0
-0.0625 0.15625 0.0625
-0.0625 0.15625 0.125
0 0.15625 -0.125
0 0.15625 -0.0625
0 0.15625 0
0 0.15625 0.0625
0 0.15625 0.125
0.0625 0.15625 -0.125
0.0625 0.15625 -0.0625
0.0625 0.15625 0
0.0625 0.15625 0.0625
0.0625 0.15625 0.125
0.125 0.15625 -0.125
0.125 0.15625 -0.0625
0.125 0.15625 0
0.125 0.15625 0.0625
0.125 0.15625 0.125
-0.125 0.104167 -0.125
-0.125 0.104167 -0.0625
-0.125 0.104167 0
-0.125 0.104167 0.0625
-0.125 0.104167 0.125
-0.0625 0.104167 -0.125
-0.0625 0.104167 -0.0625
-0.0625 0.104167 0
-0.0625 0.104167 0.0625
-0.0625 0.104167 0.125
0 0.104167 -0.125
0 0.104167 -0.0625
0 0.104167 0
0 0.104167 0.0625
0 0.104167 0.125
0.0625 0.104167 -0.125
0.0625 0.104167 -0.0625
0.0625 0.104167 0
0.0625 0.104167 0.0625
0.0625 0.104167 0.125
0.125 0.104167 -0.125
0.125 0.104167 -0.0625
0.125 0.104167 0
0.125 0.104167 0.0625
0.125 0.104167 0.125
-0.125 0.0520833 -0.125
-0.125 0.0520833 -0.0625
-0.125 0.0520833 0
-0.125 0.0520833 0.0625
-0.125 0.0520833 0.125
-0.0625 0.0520833 -0.125
-0.0625 0.0520833 -0.0625
-0.0625 0.0520833 0
-0.0625 0.0520833 0.0625
-0.0625 0.0520833 0.125
0 0.0520833 -0.125
0 0.0520833 -0.0625
0 0.0520833 0
0 0.0520833 0.0625
0 0.0520833 0.125
0.0625 0.0520833 -0.125
0.0625 0.0520833 -0.0625
0.0625 0.0520833 0
0.0625 0.0520833 0.0625
0.0625 0.0520833 0.125
0.125 0.0520833 -0.125
0.125 0.0520833 -0.0625
0.125 0.0520833 0
0.125 0.0520833 0.0625
0.125 0.0520833 0.125
-0.125 0 -0.125
-0.125 0 -0.0625
-0.125 0 0
-0.125 0 0.0625
-0.125 0 0.125
-0.0625 0 -0.125
-0.0625 0 -0.0625
-0.0625 0 0
-0.0625 0 0.0625
-0.0625 0 0.125
0 0 -0.125
0 0 -0.0625
0 0 0
0 0 0.0625
0 0 0.125
0.0625 0 -0.125
0.0625 0 -0.0625
0.0625 0 0
0.0625 0 0.0625
0.0625 0 0.125
0.125 0 -0.125
0.125 0 -0.0625
0.125 0 0
0.125 0 0.0625
0.125 0 0.125
-0.125 -0.0520833 -0.125
-0.125 -0.0520833 -0.0625
-0.125 -0.0520833 0
-0.125 -0.0520833 0.0625
-0.125 -0.0520833 0.125
-0.0625 -0.0520833 -0.125
-0.0625 -0.0520833 -0.0625
-0.0625 -0.0520833 0
-0.0625 -0.0520833 0.0625
-0.0625 -0.0520833 0.125
0 -0.0520833 -0.125
0 -0.0520833 -0.0625
0 -0.0520833 0
0 -0.0520833 0.0625
0 -0.0520833 0.125
0.0625 -0.0520833 -0.125
0.0625 -0.0520833 -0.0625
0.0625 -0.0520833 0
0.0625 -0.0520833 0.0625
0.0625 -0.0520833 0.125
0.125 -0.0520833 -0.125
0.125 -0.0520833 -0.0625
0.125 -0.0520833 0
0.125 -0.0520833 0.0625
0.125 -0.0520833 0.125
-0.125 -0.104167 -0.125
-0.125 -0.104167 -0.0625
-0.125 -0.104167 0
-0.125 -0.104167 0.0625
-0.125 -0.104167 0.125
-0.0625 -0.104167 -0.125
-0.0625 -0.104167 -0.0625
-0.0625 -0.104167 0
-0.0625 -0.104167 0.0625
-0.0625 -0.104167 0.125
0 -0.104167 -0.125
0 -0.104167 -0.0625
0 -0.104167 0
0 -0.104167 0.0625
0 -0.104167 0.125
0.0625 -0.104167 -0.125
0.0625 -0.104167 -0.0625
0.0625 -0.104167 0
0.0625 -0.104167 0.0625
0.0625 -0.104167 0.125
0.125 -0.104167 -0.125
0.125 -0.104167 -0.0625
0.125 -0.104167 0
0.125 -0.104167 0.0625
0.125 -0.104167 0.125
-0.125 -0.15625 -0.125
-0.125 -0.15625 -0.0625
-0.125 -0.15625 0
-0.125 -0.15625 0.0625
-0.125 -0.15625 0.125
-0.0625 -0.15625 -0.125
-0.0625 -0.15625 -0.0625
-0.0625 -0.15625 0
-0.0625 -0.15625 0.0625
-0.0625 -0.15625 0.125
0 -0.15625 -0.125
0 -0.15625 -0.0625
0 -0.15625 0
0 -0.15625 0.0625
0 -0.15625 0.125
0.0625 -0.15625 -0.125
0.0625 -0.15625 -0.0625
0.0625 -0.15625 0
0.0625 -0.15625 0.0625
0.0625 -0.15625 0.125
0.125 -0.15625 -0.125
0.125 -0.15625 -0.0625
0.125 -0.15625 0
0.125 -0.15625 0.0625
0.125 -0.15625 0.125
-0.125 -0.208333 -0.125
-0.125 -0.208333 -0.0625
-0.125 -0.208333 0
-0.125 -0.208333 0.0625
-0.125 -0.208333 0.125
-0.0625 -0.208333 -0.125
-0.0625 -0.208333 -0.0625
-0.0625 -0.208333 0
-0.0625 -0.208333 0.0625
-0.0625 -0.208333 0.125
0 -0.208333 -0.125
0 -0.208333 -0.0625
0 -0.208333 0
0 -0.208333 0.0625
0 -0.208333 0.125
0.0625 -0.208333 -0.125
0.0625 -0.208333 -0.0625
0.0625 -0.208333 0
0.0625 -0.208333 0.0625
0.0625 -0.208333 0.125
0.125 -0.208333 -0.125
0.125 -0.208333 -0.0625
0.125 -0.208333 0
0.125 -0.208333 0.0625
0.125 -0.208333 0.125
-0.125 -0.260417 -0.125
-0.125 -0.260417 -0.0625
-0.125 -0.260417 0
-0.125 -0.260417 0.0625
-0.125 -0.260417 0.125
-0.0625 -0.260417 -0.125
-0.0625 -0.260417 -0.0625
-0.0625 -0.260417 0
-0.0625 -0.260417 0.0625
-0.0625 -0.260417 0.125
0 -0.260417 -0.125
0 -0.260417 -0.0625
0 -0.260417 0
0 -0.260417 0.0625
0 -0.260417 0.125
0.0625 -0.260417 -0.125
0.0625 -0.260417 -0.0625
0.0625 -0.260417 0
0.0625 -0.260417 0.0625
0.0625 -0.260417 0.125
0.125 -0.260417 -0.125
0.125 -0.260417 -0.0625
0.125 -0.260417 0
0.125 -0.260417 0.0625
0.125 -0.260417 0.125
-0.125 -0.3125 -0.125
-0.125 -0.3125 -0.0625
-0.125 -0.3125 0
-0.125 -0.3125 0.0625
-0.125 -0.3125 0.125
-0.0625 -0.3125 -0.125
-0.0625 -0.3125 -0.0625
-0.0625 -0.3125 0
-0.0625 -0.3125 0.0625
-0.0625 -0.3125 0.125
0 -0.3125 -0.125
0 -0.3125 -0.0625
0 -0.3125 0
0 -0.3125 0.0625
0 -0.3125 0.125
0.0625 -0.3125 -0.125
0.0625 -0.3125 -0.0625
0.0625 -0.3125 0
0.0625 -0.3125 0.0625
0.0625 -0.3125 0.125
0.125 -0.3125 -0.125
0.125 -0.3125 -0.0625
0.125 -0.3125 0
0.125 -0.3125 0.0625
0.125 -0.3125 0.125
-0.125 -0.364583 -0.125
-0.125 -0.364583 -0.0625
-0.125 -0.364583 0
-0.125 -0.364583 0.0625
-0.125 -0.364583 0.125
-0.0625 -0.364583 -0.125
-0.0625 -0.364583 -0.0625
-0.0625 -0.364583 0
-0.0625 -0.364583 0.0625
-0.0625 -0.364583 0.125
0 -0.364583 -0.125
0 -0.364583 -0.0625
0 -0.364583 0
0 -0.364583 0.0625
0 -0.364583 0.125
0.0625 -0.364583 -0.125
0.0625 -0.364583 -0.0625
0.0625 -0.364583 0
0.0625 -0.364583 0.0625
0.0625 -0.364583 0.125
0.125 -0.364583 -0.125
0.125 -0.364583 -0.0625
0.125 -0.364583 0
0.125 -0.364583 0.0625
0.125 -0.364583 0.125
-0.125 -0.416667 -0.125
-0.125 -0.416667 -0.0625
-0.125 -0.416667 0
-0.125 -0.416667 0.0625
-0.125 -0.416667 0.125
-0.0625 -0.416667 -0.125
-0.0625 -0.416667 -0.0625
-0.0625 -0.416667 0
-0.0625 -0.416667 0.0625
-0.0625 -0.416667 0.125
0 -0.416667 -0.125
0 -0.416667 -0.0625
0 -0.416667 0
0 -0.416667 0.0625
0 -0.416667 0.125
0.0625 -0.416667 -0.125
0.0625 -0.416667 -0.0625
0.0625 -0.416667 0
0.0625 -0.416667 0.0625
0.0625 -0.416667 0.125
0.125 -0.416667 -0.125
0.125 -0.416667 -0.0625
0.125 -0.416667 0
0.125 -0.416667 0.0625
0.125 -0.416667 0.125
-0.125 -0.46875 -0.125
-0.125 -0.46875 -0.0625
-0.125 -0.46875 0
-0.125 -0.46875 0.0625
-0.125 -0.46875 0.125
-0.0625 -0.46875 -0.125
-0.0625 -0.46875 -0.0625
-0.0625 -0.46875 0
-0.0625 -0.46875 0.0625
-0.0625 -0.46875 0.125
0 -0.46875 -0.125
0 -0.46875 -0.0625
0 -0.46875 0
0 -0.46875 0.0625
0 -0.46875 0.125
0.0625 -0.46875 -0.125
0.0625 -0.46875 -0.0625
0.0625 -0.46875 0
0.0625 -0.46875 0.0625
0.0625 -0.46875 0.125
0.125 -0.46875 -0.125
0.125 -0.46875 -0.0625
0.125 -0.46875 0
0.125 -0.46875 0.0625
0.125 -0.46875 0.125
-0.125 -0.520833 -0.125
-0.125 -0.520833 -0.0625
-0.125 -0.520833 0
-0.125 -0.520833 0.0625
-0.125 -0.520833 0.125
-0.0625 -0.520833 -0.125
-0.0625 -0.520833 -0.0625
-0.0625 -0.520833 0
-0.0625 -0.520833 0.0625
-0.0625 -0.520833 0.125
0 -0.520833 -0.125
0 -0.520833 -0.0625
0 -0.520833 0
0 -0.520833 0.0625
0 -0.520833 0.125
0.0625 -0.520833 -0.125
0.0625 -0.520833 -0.0625
0.0625 -0.520833 0
0.0625 -0.520833 0.0625
0.0625 -0.520833 0.125
0.125 -0.520833 -0.125
0.125 -0.520833 -0.0625
0.125 -0.520833 0
0.125 -0.520833 0.0625
0.125 -0.520833 0.125
-0.125 -0.572917 -0.125
-0.125 -0.572917 -0.0625
-0.125 -0.572917 0
-0.125 -0.572917 0.0625
-0.125 -0.572917 0.125
-0.0625 -0.572917 -0.125
-0.0625 -0.572917 -0.0625
-0.0625 -0.572917 0
-0.0625 -0.572917 0.0625
-0.0625 -0.572917 0.125
0 -0.572917 -0.125
0 -0.572917 -0.0625
0 -0.572917 0
0 -0.572917 0.0625
0 -0.572917 0.125
0.0625 -0.572917 -0.125
0.0625 -0.572917 -0.0625
0.0625 -0.572917 0
0.0625 -0.572917 0.0625
0.0625 -0.572917 0.125
0.125 -0.572917 -0.125
0.125 -0.572917 -0.0625
0.125 -0.572917 0
0.125 -0.572917 0.0625
0.125 -0.572917 0.125
-0.125 -0.625 -0.125
-0.125 -0.625 -0.0625
-0.125 -0.625 0
-0.125 -0.625 0.0625
-0.125 -0.625 0.125
-0.0625 -0.625 -0.125
-0.0625 -0.625 -0.0625
-0.0625 -0.625 0
-0.0625 -0.625 0.0625
-0.0625 -0.625 0.125
0 -0.625 -0.125
0 -0.625 -0.0625
0 -0.625 0
0 -0.625 0.0625
0 -0.625 0.125
0.0625 -0.625 -0.125
0.0625 -0.625 -0.0625
0.0625 -0.625 0
0.0625 -0.625 0.0625
0.0625 -0.625 0.125
0.125 -0.625 -0.125
0.125 -0.625 -0.0625
0.125 -0.625 0
0.125 -0.625 0.0625
0.125 -0.625 0.125
